1,2
1,3
1,4
1,5
1,6
1,7
1,8
1,15
1,16
1,19
1,22
1,25
1,27
1,32
1,37
1,44
1,46
1,64
1,73
1,76
1,78
1,103
1,109
1,115
1,118
1,161
1,216
1,224
1,239
1,260
1,268
1,273
1,274
1,283
1,314
1,462
1,486
1,553
1,614
1,801
1,896
1,1105
1,1472
1,1503
1,2519
2,3
2,4
2,5
2,8
2,10
2,11
2,16
2,18
2,27
2,45
2,47
2,58
2,83
2,104
2,106
2,130
2,140
2,197
2,198
2,271
2,401
2,465
2,622
2,625
2,739
2,999
2,1112
2,1702
2,1763
2,1997
2,2023
2,2441
2,2838
3,4
3,11
3,14
3,19
3,20
3,114
3,198
3,320
3,494
3,556
3,712
3,1148
4,5
4,6
4,7
4,9
4,12
4,13
4,41
4,51
4,52
4,60
4,66
4,67
4,70
4,105
4,136
4,208
4,218
4,232
4,263
4,346
4,552
4,566
4,569
4,621
4,718
4,912
4,1109
4,1131
4,1230
4,1381
4,2090
4,2101
4,2293
4,2541
4,2565
4,2708
5,6
5,10
5,15
5,16
5,19
5,24
5,26
5,30
5,34
5,44
5,54
5,56
5,78
5,100
5,102
5,119
5,122
5,223
5,230
5,253
5,254
5,330
5,396
5,442
5,508
5,561
5,837
5,1099
5,1205
5,1258
5,1566
5,1722
5,1850
5,1892
5,1947
6,7
6,9
6,10
6,12
6,13
6,15
6,18
6,21
6,22
6,25
6,30
6,33
6,49
6,61
6,68
6,69
6,95
6,99
6,121
6,172
6,181
6,212
6,231
6,282
6,302
6,371
6,383
6,549
6,768
6,807
6,819
6,1152
6,1174
6,1639
6,1660
6,1949
6,2299
7,8
7,9
7,11
7,14
7,17
7,29
7,53
7,57
7,60
7,82
7,87
7,125
7,128
7,218
7,306
7,344
7,363
7,520
7,547
7,573
7,1020
7,1500
7,1715
7,1770
7,1898
8,13
8,17
8,39
8,43
8,47
8,51
8,55
8,130
8,155
8,183
8,203
8,235
8,289
8,310
8,416
8,534
8,599
8,665
8,685
8,688
8,729
8,882
8,887
8,1048
8,1283
8,2019
8,2590
8,2998
9,12
9,21
9,23
9,41
9,42
9,52
9,67
9,72
9,112
9,152
9,184
9,356
9,441
9,477
9,491
9,516
9,537
9,615
9,774
9,855
9,885
9,1009
9,1401
9,1575
9,1761
9,1780
9,2082
9,2231
10,24
10,28
10,30
10,45
10,63
10,104
10,119
10,185
10,194
10,225
10,352
10,410
10,473
10,571
10,586
10,697
10,743
10,856
10,1017
10,1083
10,1693
10,1720
10,1903
10,2312
11,14
11,20
11,31
11,114
11,137
11,145
11,178
11,321
11,556
11,805
11,1042
11,1076
11,1436
11,1581
11,2272
11,2290
11,2347
12,21
12,23
12,32
12,41
12,152
12,184
12,349
12,441
12,516
12,537
12,846
12,1038
12,1695
12,1768
13,17
13,18
13,29
13,33
13,39
13,57
13,85
13,148
13,150
13,159
13,227
13,234
13,241
13,326
13,344
13,652
13,703
13,727
13,894
13,970
13,1005
13,1229
13,1477
13,2890
14,20
14,48
14,90
14,137
14,145
14,178
14,261
14,321
14,391
14,494
14,539
14,671
14,785
14,966
14,1076
14,1436
14,1638
14,2272
14,2347
14,2511
14,2825
15,25
15,44
15,46
15,61
15,64
15,78
15,224
15,260
15,273
15,553
15,614
15,801
15,1081
15,1105
15,1472
16,24
16,26
16,37
16,54
16,91
16,187
16,196
16,252
16,255
16,295
16,308
16,372
16,381
16,382
16,483
16,565
16,602
16,900
16,918
16,1061
16,1238
16,1383
16,1795
16,1830
16,1866
16,2362
16,2966
17,29
17,43
17,52
17,53
17,89
17,107
17,125
17,149
17,151
17,195
17,270
17,306
17,603
17,777
17,792
17,1127
17,1195
17,1539
17,1606
17,2704
17,2750
17,2768
18,33
18,49
18,61
18,69
18,85
18,95
18,132
18,141
18,154
18,163
18,222
18,227
18,303
18,345
18,549
18,679
18,810
18,826
18,922
18,941
18,2403
18,2494
19,31
19,55
19,90
19,191
19,213
19,215
19,244
19,342
19,355
19,469
19,612
19,613
19,620
19,634
19,639
19,657
19,764
19,879
19,1314
19,2012
19,2229
19,2644
19,2712
19,2943
19,2957
20,27
20,31
20,47
20,48
20,59
20,77
20,82
20,98
20,137
20,171
20,175
20,176
20,237
20,242
20,261
20,284
20,304
20,413
20,493
20,544
20,624
20,658
20,812
20,2233
20,2719
21,22
21,23
21,36
21,127
21,166
21,301
21,340
21,509
21,655
21,660
21,770
21,1330
21,1390
21,1421
21,1573
21,1618
21,1623
21,2085
22,32
22,36
22,38
22,40
22,68
22,88
22,94
22,182
22,513
22,595
22,598
22,973
22,979
22,1311
22,1393
22,1454
22,1699
22,2929
23,42
23,127
23,129
23,301
23,340
23,349
23,392
23,609
23,846
23,1291
23,1427
23,1487
23,1950
23,2414
24,26
24,28
24,34
24,35
24,63
24,100
24,102
24,111
24,113
24,194
24,256
24,275
24,287
24,296
24,395
24,481
24,487
24,697
24,1094
24,1181
24,1708
24,1957
24,2198
24,2387
24,2545
25,68
25,86
25,115
25,121
25,181
25,231
25,617
25,758
25,818
25,1743
25,1975
25,2096
25,2126
25,2147
26,28
26,35
26,50
26,62
26,71
26,74
26,93
26,341
26,558
26,865
26,1648
26,2867
27,55
27,58
27,106
27,201
27,213
27,271
27,312
27,324
27,336
27,551
27,789
27,854
27,954
27,960
27,1265
27,1327
27,1399
27,1817
27,1821
27,1840
27,2036
27,2202
27,2882
28,34
28,35
28,50
28,62
28,84
28,93
28,108
28,111
28,146
28,269
28,380
28,430
28,447
28,453
28,467
28,498
28,680
28,839
28,863
28,2701
29,39
29,53
29,128
29,150
29,264
29,374
29,390
29,662
29,706
29,934
29,1077
29,1355
29,1398
29,2925
30,58
30,99
30,104
30,119
30,165
30,186
30,254
30,316
30,396
30,409
30,425
30,605
30,1451
30,1749
30,1854
31,81
31,90
31,114
31,191
31,215
31,244
31,469
31,612
31,633
31,734
31,791
31,1091
31,1216
31,1361
31,1613
31,1784
31,2006
31,2446
32,36
32,37
32,38
32,64
32,65
32,75
32,79
32,80
32,96
32,101
32,110
32,123
32,210
32,259
32,419
32,500
32,532
32,775
32,827
32,1469
32,1614
32,2327
32,2366
32,2473
33,42
33,49
33,85
33,172
33,826
33,857
33,941
33,1332
33,1940
33,2072
33,2097
34,50
34,71
34,100
34,111
34,146
34,240
34,269
34,295
34,315
34,341
34,351
34,407
34,408
34,496
34,776
34,897
34,996
34,1140
34,1620
34,1801
34,2328
35,45
35,62
35,84
35,839
35,1541
35,1671
35,1732
35,1769
35,2151
36,38
36,40
36,88
36,94
36,103
36,143
36,156
36,166
36,167
36,358
36,367
36,411
36,761
36,1138
36,1311
36,1454
36,2517
36,2929
37,65
37,79
37,92
37,96
37,110
37,126
37,174
37,180
37,419
37,503
37,515
37,681
37,754
37,895
37,1347
37,1540
37,1815
37,2089
37,2129
37,2404
38,40
38,75
38,167
38,277
38,313
38,387
38,504
38,532
38,545
38,736
38,1144
38,1370
38,1374
38,1546
38,1709
38,1913
39,43
39,57
39,69
39,148
39,157
39,289
39,350
39,416
39,703
39,723
39,756
39,1410
39,1521
39,1640
39,2160
39,2329
39,2490
39,2528
40,143
40,167
40,190
40,313
40,1045
40,1221
40,1656
41,51
41,97
41,134
41,135
41,228
41,980
41,1067
41,1665
42,129
42,131
42,162
42,199
42,204
42,564
42,669
42,1029
42,1412
42,1765
42,2039
42,2607
42,2681
42,2780
43,83
43,151
43,183
43,235
43,439
43,599
43,601
43,635
43,676
43,1352
43,1686
44,46
44,54
44,109
44,216
44,239
44,268
44,314
44,330
44,357
44,896
44,1105
44,1503
44,1519
44,1583
44,1696
44,2639
44,2799
44,2877
45,63
45,81
45,116
45,133
45,164
45,169
45,217
45,229
45,251
45,288
45,594
45,616
45,1488
45,1663
45,2609
45,2706
46,56
46,86
46,109
46,200
46,216
46,506
46,608
46,1394
46,1465
46,2258
46,2335
46,2705
46,2860
47,48
47,59
47,77
47,82
47,89
47,98
47,138
47,168
47,177
47,365
47,550
47,587
47,700
47,877
47,971
47,1807
48,59
48,77
48,175
48,176
48,177
48,238
48,339
48,402
48,414
48,459
48,525
48,587
48,1718
48,1750
49,788
49,857
49,1368
49,1389
49,1391
49,1794
49,1852
49,2053
49,2619
49,2718
50,71
50,74
50,84
50,113
50,429
50,687
50,865
50,946
50,968
50,998
50,1288
50,1819
50,2239
51,60
51,66
51,153
51,267
51,461
51,484
51,497
51,802
51,1003
51,1080
51,1921
51,2314
51,2323
52,67
52,70
52,72
52,199
52,204
52,266
52,343
52,435
52,720
52,1079
52,1250
52,1516
52,1554
52,1589
52,1737
52,2444
53,83
53,116
53,128
53,344
53,573
53,596
53,662
53,870
53,934
53,1127
53,1151
53,2018
54,56
54,73
54,91
54,113
54,323
54,499
54,714
54,1132
55,191
55,294
55,298
55,342
55,526
55,917
55,1027
55,1133
55,1231
55,1302
55,1675
55,1920
55,2067
56,73
56,102
56,399
56,455
56,499
56,630
56,987
56,1160
56,2946
57,148
57,157
57,159
57,193
57,202
57,364
57,766
57,844
57,899
57,1684
57,1861
58,197
58,201
58,219
58,271
58,292
58,300
58,385
58,645
58,726
58,1047
58,2419
58,2520
58,2881
59,87
59,98
59,138
59,168
59,365
59,700
59,877
59,1353
59,1807
59,2112
60,66
60,97
60,461
60,497
60,661
60,1080
60,1299
60,1843
60,1880
61,86
61,95
61,154
61,163
61,188
61,211
61,282
61,328
61,371
61,632
61,1070
61,1664
61,1788
61,1929
61,2976
62,93
62,276
62,287
62,380
62,403
62,716
62,864
62,951
62,975
62,995
62,1135
62,1312
62,1335
62,2105
62,2117
62,2547
62,2817
63,81
63,169
63,217
63,225
63,236
63,256
63,280
63,286
63,529
63,856
63,1018
63,1339
64,65
64,75
64,76
64,80
64,117
64,179
64,427
64,456
64,1633
65,76
65,80
65,101
65,179
65,258
65,360
65,427
65,456
65,476
65,691
65,821
65,1049
65,1082
65,1547
65,1766
65,2434
66,70
66,105
66,136
66,218
66,250
66,263
66,379
66,566
66,824
66,943
66,1109
66,1131
66,1146
66,1183
66,2195
66,2670
67,72
67,97
67,112
67,124
67,127
67,266
67,343
67,356
67,378
67,488
67,582
67,911
67,1062
67,1478
67,1563
67,1574
67,1877
68,121
68,181
68,302
68,307
68,479
68,742
68,1292
68,1644
68,1744
68,2228
68,2488
68,2651
68,2683
68,2726
68,2758
69,99
69,132
69,141
69,222
69,317
69,345
69,707
69,1682
70,105
70,112
70,124
70,136
70,160
70,214
70,232
70,272
70,346
70,369
70,405
70,418
70,583
70,1163
70,1276
70,1739
70,1779
70,2125
70,2177
70,2875
71,74
71,108
71,429
71,687
71,865
71,946
71,1648
71,1835
71,2353
72,139
72,160
72,266
72,343
72,378
72,537
72,582
72,720
72,1554
73,91
73,118
73,187
73,196
73,255
73,283
73,308
73,318
73,333
73,370
73,628
73,825
73,1031
73,1257
73,1328
73,1526
73,1872
73,2249
73,2291
73,2746
73,2911
74,315
74,429
74,968
74,998
74,1013
74,2867
75,79
75,88
75,110
75,123
75,182
75,192
75,277
75,281
75,376
75,842
75,1269
75,1707
75,1733
75,2430
75,2829
76,117
76,161
76,180
76,220
76,248
76,258
76,476
76,1130
76,1200
76,2008
76,2390
76,2688
77,89
77,175
77,237
77,238
77,284
77,339
77,365
77,493
77,544
77,1192
77,1372
77,1395
77,1697
77,1943
78,117
78,118
78,314
78,373
78,523
78,829
78,1345
78,1893
78,2316
78,2519
78,2624
78,2773
79,92
79,96
79,123
79,210
79,259
79,305
79,501
79,504
79,591
79,1469
79,1959
79,2378
79,2473
80,92
80,101
80,174
80,190
80,262
80,515
80,750
80,804
80,817
80,984
80,1609
80,1882
80,2141
80,2557
80,2661
81,116
81,133
81,158
81,164
81,170
81,247
81,249
81,334
81,470
81,551
81,719
81,772
81,849
81,937
81,1173
81,1776
81,2133
82,87
82,107
82,120
82,149
82,207
82,310
82,438
82,458
82,518
82,623
82,663
82,858
82,881
82,958
82,962
82,1025
82,1458
82,1529
82,1939
82,2146
83,140
83,279
83,465
83,528
83,2095
83,2276
84,108
84,447
84,654
84,680
84,744
84,863
84,947
84,1059
84,1324
84,1812
84,2368
85,150
85,159
85,227
85,241
85,894
85,1005
85,1477
85,1591
85,2001
86,154
86,163
86,200
86,211
86,371
86,617
86,632
86,758
86,1664
86,1889
86,1899
86,2335
86,2345
86,2462
87,142
87,144
87,208
87,265
87,375
87,433
87,559
87,841
87,860
87,1415
87,1552
88,94
88,143
88,367
88,513
88,1311
88,1393
88,1411
88,1878
88,2517
88,2929
89,107
89,125
89,142
89,144
89,173
89,257
89,415
89,495
89,642
89,683
89,858
89,859
89,944
89,1007
89,1143
89,1798
89,1939
89,2031
90,106
90,171
90,202
90,213
90,338
90,355
90,404
90,448
90,466
90,613
90,643
90,673
90,699
90,1752
90,2066
90,2111
90,2416
90,2695
90,2837
91,295
91,372
91,382
91,565
91,602
91,647
91,2164
92,126
92,226
92,337
92,348
92,767
92,1268
93,240
93,269
93,276
93,311
93,434
93,453
93,467
93,1294
93,1422
93,1631
93,2215
94,103
94,156
94,358
94,411
94,513
94,761
94,838
94,973
94,1466
94,2169
94,2783
95,132
95,141
95,172
95,303
95,826
95,922
95,1098
95,2097
95,2587
95,2873
96,259
96,277
96,451
96,895
96,1435
96,1614
96,2083
96,2399
97,134
97,135
97,147
97,153
97,209
97,267
97,327
97,332
97,759
97,916
97,1270
97,1497
98,120
98,138
98,189
98,293
98,458
98,698
98,1524
98,1719
98,1910
99,130
99,165
99,188
99,279
99,316
99,517
99,540
99,892
99,1185
99,1429
99,2423
100,206
100,351
100,450
100,471
100,487
100,781
100,790
100,907
100,967
100,1482
100,1603
100,1772
100,1822
100,1923
101,126
101,174
101,179
101,262
101,419
101,500
101,515
101,681
101,682
101,804
101,1894
101,1896
101,2141
102,122
102,206
102,223
102,297
102,686
102,1543
102,1871
102,2017
103,156
103,393
103,411
103,1466
103,1828
103,2240
103,2529
103,2728
103,2783
104,165
104,185
104,361
104,473
104,597
104,799
104,920
104,1348
104,1376
104,2897
105,379
105,621
105,824
105,903
105,1489
105,2413
105,2713
106,171
106,201
106,338
106,448
106,764
106,834
106,1065
106,1170
106,1327
106,1407
106,1425
106,1679
106,1712
106,2107
107,120
107,142
107,149
107,151
107,173
107,207
107,270
107,415
107,1007
107,1143
107,1751
107,2738
108,276
108,430
108,447
108,654
108,744
108,898
108,947
108,1324
108,2740
109,115
109,506
109,1394
109,1465
109,2705
109,2778
110,281
110,290
110,1269
110,1707
110,1941
111,169
111,194
111,236
111,240
111,489
111,512
111,640
111,835
111,1414
111,1418
111,1855
111,1931
111,1933
111,2045
112,124
112,139
112,152
112,285
112,356
112,377
112,392
112,475
112,505
112,797
112,823
112,1485
112,1605
112,1740
112,2161
112,2847
113,122
113,146
113,359
113,746
113,752
113,1225
113,2364
113,2733
113,2760
113,2922
114,215
114,261
114,321
114,413
114,539
114,633
114,878
114,2002
114,2674
115,848
115,901
115,976
115,1860
115,1864
115,2310
116,133
116,158
116,170
116,219
116,292
116,717
116,830
116,945
116,1021
116,1354
116,1506
116,1629
116,1662
116,1966
116,2732
116,2759
117,180
117,187
117,226
117,248
117,337
117,437
117,443
117,705
117,915
117,1066
117,1527
118,196
118,248
118,255
118,323
118,357
118,370
118,423
118,548
118,608
118,1097
118,1139
118,1759
118,1849
118,2176
118,2222
118,2331
118,2777
119,186
119,230
119,442
119,478
119,1722
119,1813
119,2717
120,189
120,293
120,458
120,555
120,570
120,623
120,698
120,959
120,1068
120,1713
120,2166
121,129
121,131
121,162
121,221
121,307
121,406
121,521
121,538
121,589
121,813
121,930
121,1002
121,1203
121,1242
121,2149
121,2583
121,2665
121,2878
122,206
122,223
122,496
122,1287
122,1518
122,2017
122,2354
123,161
123,192
123,210
123,281
123,387
123,501
123,591
123,1707
123,2244
124,134
124,135
124,139
124,243
124,285
124,505
124,738
124,880
124,886
124,1284
124,1701
124,1838
125,306
125,354
125,363
125,1089
125,1187
125,1236
125,1790
125,2424
125,2634
126,190
126,305
126,331
126,428
126,543
126,733
126,990
126,2537
126,2589
127,349
127,609
127,660
127,672
127,803
127,1420
127,1487
127,1618
127,1667
127,1938
127,1950
127,2003
128,205
128,264
128,388
128,611
128,1020
128,1158
128,1500
128,1976
129,131
129,199
129,204
129,221
129,278
129,564
129,669
129,1029
129,1463
129,2110
129,2780
130,140
130,155
130,203
130,401
130,622
130,665
130,955
130,1169
130,1319
130,2181
130,2221
130,2752
131,221
131,231
131,446
131,669
131,701
131,813
131,1203
131,1765
131,1901
131,2607
132,246
132,317
132,707
132,983
132,1147
132,1505
132,1682
132,1705
133,158
133,164
133,247
133,288
133,594
133,719
133,1123
133,1286
133,1825
133,1848
133,2884
133,2933
134,147
134,228
134,332
134,759
134,980
134,1523
134,2538
135,147
135,209
135,460
135,575
135,1010
135,1270
135,1637
135,1742
135,1922
135,2483
135,2658
136,160
136,195
136,205
136,214
136,272
136,346
136,386
136,1276
136,1571
136,1779
136,1969
136,2125
137,145
137,237
137,391
137,402
137,785
137,1042
137,1621
137,1641
137,1799
137,2191
138,168
138,550
138,700
138,1226
138,1353
138,1907
138,2180
138,2280
138,2493
139,243
139,285
139,377
139,505
139,738
139,763
139,880
139,913
139,1260
139,1322
139,1460
140,155
140,465
140,625
140,690
140,890
140,1343
140,1378
140,2076
140,2095
140,2561
141,222
141,549
141,810
141,914
141,2403
141,2494
142,144
142,173
142,257
142,375
142,559
142,2763
142,2968
143,166
143,393
143,598
143,1144
143,1393
143,1624
143,1656
143,1699
143,1757
144,208
144,265
144,432
144,433
144,1471
144,1926
144,2041
144,2479
145,178
145,671
145,966
145,1436
145,2761
145,2825
146,275
146,315
146,471
146,558
146,656
146,696
146,746
146,1056
146,1120
146,1154
146,1300
146,1557
146,1800
146,1953
146,2803
147,153
147,209
147,243
147,327
147,421
147,436
147,460
147,1010
147,1016
148,157
148,193
148,364
148,766
148,844
148,2890
149,183
149,207
149,310
149,438
149,518
149,554
149,683
149,711
149,731
149,1534
149,1610
150,390
150,652
150,706
150,798
150,843
150,1229
150,1430
150,1595
150,1856
150,2822
151,270
151,777
151,792
151,1069
151,1320
151,2704
151,2768
152,184
152,491
152,516
152,615
152,631
152,667
152,735
152,1038
152,1695
152,1768
152,1883
152,2080
153,267
153,299
153,309
153,379
153,421
153,426
153,576
153,661
153,755
153,950
153,1003
153,1232
153,1496
154,188
154,200
154,234
154,246
154,684
154,1461
154,1579
154,1909
154,2010
154,2235
154,2383
154,2461
154,2531
154,2616
155,401
155,622
155,887
155,1101
155,1169
155,1816
155,2181
155,2440
156,162
156,302
156,482
156,779
156,1136
156,1364
157,193
157,350
157,723
157,899
157,1410
157,1521
157,1861
158,170
158,249
158,368
158,961
158,1272
158,1354
158,1966
158,2638
159,522
159,847
159,1684
160,205
160,212
160,214
160,233
160,362
160,405
160,708
160,720
160,749
160,774
160,1278
160,1824
161,220
161,224
161,252
161,335
161,464
161,883
161,906
161,1182
161,1199
161,1551
161,1560
162,420
162,482
162,485
162,701
162,704
162,1057
162,1136
162,1364
162,1431
162,1928
162,2742
162,2903
163,282
163,637
163,768
163,871
163,1206
163,1721
164,229
164,247
164,251
164,291
164,594
164,616
164,646
164,931
164,1333
164,2532
164,2933
165,185
165,186
165,279
165,412
165,579
165,596
165,597
165,605
165,920
165,981
165,1058
165,1207
165,1653
165,1782
165,1862
165,2247
166,301
166,509
166,1758
166,2543
166,2637
167,182
167,313
167,545
167,1045
167,1411
167,2938
168,189
168,550
168,587
168,730
168,828
168,928
168,1180
168,1661
168,1974
168,2710
168,2795
168,2984
169,217
169,229
169,236
169,325
169,422
169,1142
169,1745
169,2237
169,2564
169,2820
170,249
170,312
170,334
170,470
170,849
170,861
170,961
170,1177
170,1272
170,1506
170,1513
171,202
171,466
171,737
171,836
171,1303
171,1490
171,1842
171,1968
171,2012
171,2320
172,1660
173,257
173,375
173,484
173,2763
174,262
174,348
174,503
174,682
174,750
174,1609
175,176
175,242
175,304
175,414
175,459
175,581
175,1256
175,1542
175,1718
175,2071
175,2130
176,177
176,304
176,525
176,658
176,730
176,1718
176,2311
177,238
177,339
177,1377
177,1738
177,1750
177,2945
178,198
178,320
178,556
178,671
178,1296
178,1581
178,1630
178,2761
179,445
179,1611
179,2434
180,220
180,226
180,337
180,437
180,443
180,574
180,693
180,705
180,715
180,915
180,1066
180,1198
180,1527
180,2037
180,2046
180,2120
180,2636
180,2978
181,479
181,480
181,742
181,1255
181,1305
181,1644
181,1658
181,1744
181,2496
182,192
182,367
182,546
182,866
182,888
182,1426
182,1914
182,2068
183,195
183,203
183,289
183,439
183,664
183,729
183,904
183,964
183,1283
183,2159
183,2406
183,2590
184,475
184,667
184,1695
184,1768
185,197
185,319
185,361
185,473
185,571
185,638
185,1017
185,1279
185,1348
185,1392
185,1858
185,2056
186,254
186,352
186,409
186,412
186,787
186,1854
186,1990
187,318
187,557
187,786
187,1535
187,2467
187,2995
188,234
188,637
188,1461
188,1579
188,1669
188,1714
188,1977
188,2962
189,293
189,730
189,958
189,1068
189,1689
189,1910
189,2106
190,305
190,331
190,428
190,543
190,733
190,1085
191,244
191,298
191,342
191,353
191,444
191,454
191,526
191,527
191,620
191,794
191,917
191,1314
191,1879
191,1963
191,2077
191,2721
191,2775
191,2982
192,290
192,376
192,866
192,1733
192,2829
193,350
193,1043
193,1304
194,275
194,489
194,590
194,762
194,1498
194,1708
194,1764
194,2026
194,2223
194,2289
195,439
195,603
195,725
195,1006
195,1906
195,2159
195,2406
196,283
196,308
196,333
196,502
196,602
196,1328
196,1531
196,2291
196,2627
197,319
197,385
197,394
197,997
197,1189
197,1703
197,2264
198,320
198,494
198,1148
198,1915
199,564
199,956
199,1233
199,1765
199,2780
200,211
200,330
200,542
200,580
200,695
200,1213
200,1262
200,1870
200,2536
201,312
201,740
201,873
201,954
201,960
201,1107
201,1211
201,1240
201,1900
201,2437
202,554
202,581
202,699
202,1170
202,1468
202,2245
202,2889
203,235
203,964
203,2998
204,212
204,233
204,278
204,431
204,446
204,788
204,1118
204,1122
204,1562
204,1794
204,2136
205,264
205,369
205,374
205,388
205,452
205,1086
205,1096
205,1156
205,1219
205,1278
205,1398
205,2425
205,2654
205,2880
206,359
206,450
206,496
206,696
206,790
206,1120
206,1586
206,1619
206,1680
206,1803
206,2663
206,2789
207,438
207,663
207,881
207,926
207,962
207,1458
207,1874
208,265
208,384
208,386
208,432
208,484
208,524
208,702
208,814
208,1313
208,1405
208,1649
208,1887
208,2999
209,228
209,299
209,327
209,460
209,463
209,575
209,576
209,760
209,1637
209,1742
209,2024
209,2483
210,451
210,501
210,709
210,1959
211,617
211,632
211,1063
211,1070
211,1899
212,233
212,278
212,431
212,588
212,1118
212,1438
212,2009
212,2136
212,2359
213,338
213,355
213,404
213,643
213,673
213,1504
213,1608
213,1679
213,2066
213,2111
213,2416
213,2695
214,272
214,362
214,418
214,583
214,749
214,1156
214,1163
214,1449
214,1739
214,2177
214,2951
215,469
215,612
215,722
215,734
215,791
215,808
215,884
215,1382
215,2006
216,239
216,741
216,1394
216,1583
216,2635
217,219
217,225
217,245
217,389
217,666
217,850
217,1388
217,1536
217,1561
217,1663
217,1785
217,1912
217,2267
217,2690
218,232
218,250
218,263
218,435
218,507
218,566
218,674
218,718
218,912
218,2047
218,2101
218,2144
218,2708
218,2834
219,245
219,292
219,300
219,717
219,830
219,1985
219,2656
220,258
220,373
220,437
220,519
220,536
220,619
220,972
220,1130
220,1199
220,1363
220,1464
220,1845
220,1853
220,2008
220,2037
221,406
221,813
221,1242
221,1368
221,1491
221,1690
221,2703
222,303
222,707
222,914
222,1098
222,1147
222,2765
223,230
223,253
223,297
223,442
223,455
223,816
223,1501
223,1543
223,2481
224,260
224,360
224,427
224,445
224,675
224,957
224,1253
224,2230
224,2781
225,245
225,256
225,280
225,286
225,512
225,529
225,590
225,856
225,1204
225,1245
225,2412
225,2766
226,348
226,533
226,574
226,627
226,649
226,767
226,982
226,992
226,2988
227,241
227,326
227,584
227,652
227,679
227,1005
227,1108
227,1494
227,1576
227,2007
227,2114
227,2861
227,2936
228,980
228,1067
228,1578
228,2000
228,2337
229,251
229,291
229,659
229,1168
229,1309
229,1760
229,2278
229,2325
230,253
230,297
230,352
230,481
230,492
230,508
230,809
230,1134
230,1937
230,2455
230,2919
231,383
231,406
231,538
231,815
231,930
231,1114
231,1295
231,1895
231,1932
231,2103
231,2199
231,2299
231,2309
232,250
232,384
232,507
232,991
232,1162
232,1218
232,1244
232,1735
232,2167
233,405
233,431
233,588
233,593
233,1036
233,1118
233,1121
233,1438
233,1902
233,2009
233,2725
234,246
234,316
234,322
234,328
234,637
234,892
234,940
234,1050
234,1336
234,1375
234,1455
234,2248
235,664
235,745
235,978
235,2398
236,287
236,325
236,397
236,417
236,422
236,604
236,607
236,640
236,1078
236,1267
236,1290
236,1409
236,1726
236,2237
236,2564
237,284
237,391
237,670
237,1533
237,1621
237,1998
238,242
238,1202
238,1241
238,1377
238,1750
238,2415
238,2945
239,268
239,741
239,793
239,896
240,296
240,329
240,489
240,949
240,1124
240,1172
240,1365
240,1919
240,2070
240,2184
240,2502
241,326
241,584
241,727
242,402
242,414
242,459
242,466
242,689
242,732
242,1303
242,1542
242,1989
242,2071
242,2130
243,377
243,880
243,886
243,1010
243,1161
243,1224
243,1485
243,1987
243,2887
244,353
244,444
244,454
244,633
244,783
244,927
244,1117
244,2381
244,2771
244,2956
245,280
245,389
245,410
245,743
245,1018
245,1035
245,1204
245,1561
245,1585
245,1836
245,2435
245,2686
246,322
246,328
246,684
246,892
246,940
246,1050
246,1375
246,1622
246,2137
246,2814
247,288
247,470
247,646
247,694
247,740
247,1123
247,1286
247,1572
247,1848
247,2612
247,2933
248,252
248,318
248,347
248,786
248,811
248,874
248,986
248,1084
248,1526
248,1834
248,1863
248,2152
248,2227
249,294
249,334
249,368
249,400
249,510
249,530
249,560
249,610
249,629
249,636
249,861
249,1263
249,2458
250,384
250,507
250,514
250,569
250,674
250,991
250,1735
250,1770
250,2707
251,291
251,294
251,449
251,457
251,751
251,931
251,1448
251,2484
252,519
252,811
252,868
252,1834
252,2465
253,508
253,837
253,1026
253,1190
253,1258
253,2455
253,2456
253,2840
254,396
254,409
254,425
254,517
254,542
254,572
254,1451
254,1598
254,2284
254,2307
255,323
255,370
255,399
255,423
255,468
255,548
255,1097
255,2913
256,395
256,481
256,492
256,567
256,1094
256,1210
256,1479
256,2497
257,415
257,495
257,559
257,944
257,1710
257,2968
258,290
258,456
258,476
258,619
258,691
258,832
258,1643
258,2390
258,2452
259,451
259,709
259,1347
259,2014
259,2029
259,2083
260,273
260,335
260,360
260,462
260,464
260,644
260,769
260,957
260,1253
260,1700
260,1810
260,2586
260,2781
260,2950
261,539
261,592
261,831
261,1039
261,1483
262,682
262,804
262,817
262,821
262,984
262,1894
262,2141
262,2560
263,674
263,1381
263,2101
263,2144
263,2167
263,2541
264,388
264,452
264,1096
264,1158
264,1398
264,1486
265,757
265,1004
265,1119
265,1432
265,1462
265,2217
265,2478
265,2666
265,2749
265,2930
266,435
266,1079
266,1129
266,1243
266,1549
266,2179
266,2625
267,299
267,309
267,366
267,426
267,461
267,463
267,541
267,576
267,755
267,910
267,1446
267,1545
267,1567
267,2428
268,274
268,741
268,793
268,1217
268,1657
269,311
269,329
269,440
269,600
269,753
269,781
269,919
269,924
269,1000
269,1041
269,1140
269,2207
269,2328
269,2692
270,354
270,710
270,792
270,859
270,1069
270,1111
270,1590
270,2148
271,324
271,336
271,424
271,472
271,994
271,1763
271,2900
272,362
272,418
272,583
272,621
272,749
272,1163
272,1571
272,1779
272,2125
273,274
273,335
273,614
273,644
273,801
274,462
274,769
274,1081
274,1755
274,1810
275,296
275,351
275,395
275,407
275,606
275,1859
275,2810
275,2848
276,311
276,329
276,380
276,403
276,839
276,875
276,948
276,995
276,1274
276,1631
276,2194
276,2421
277,387
277,532
277,709
277,736
277,771
277,1370
277,1709
277,2118
277,2804
278,446
278,788
278,857
278,1122
278,1562
278,2306
278,2506
278,2787
278,2849
278,2874
279,394
279,490
279,517
279,596
279,650
279,692
279,780
279,932
279,2489
279,2792
279,2872
279,2916
280,286
280,389
280,1051
280,1204
280,1245
280,2435
281,376
281,500
281,1269
281,1633
281,2969
283,333
283,825
283,1526
283,1872
283,2746
283,2911
284,670
284,812
284,1419
284,1697
284,1885
285,823
285,938
285,1605
285,2847
286,325
286,529
286,590
286,1142
286,1282
286,1339
286,1839
286,2810
287,397
287,449
287,607
287,659
287,668
287,713
287,1071
287,1165
287,1338
287,1351
287,1525
287,1956
287,2313
288,694
288,1123
288,1286
288,1367
289,416
289,601
289,688
289,964
289,1334
289,1352
289,1837
289,2918
290,358
290,480
290,563
290,747
290,842
290,1087
290,1331
290,2512
290,2540
290,2602
290,2885
291,449
291,862
291,1024
291,1103
291,1168
291,1338
291,1349
291,1515
292,300
292,717
292,830
292,945
292,1149
292,1985
292,2348
292,2656
293,555
293,562
293,1524
293,1719
293,2015
293,2170
294,298
294,368
294,400
294,510
294,577
294,610
294,935
294,1231
294,2154
294,2218
295,359
295,372
295,382
295,483
295,900
295,929
295,1132
295,1499
295,1753
295,1809
295,2286
296,341
296,407
296,606
296,909
296,1181
296,1859
296,2400
296,2476
297,450
297,686
297,800
297,1251
297,2736
298,526
298,1027
298,1675
298,2385
298,2544
298,2631
298,2659
299,309
299,332
299,366
299,398
299,463
299,585
299,2021
299,2428
300,319
300,324
300,385
300,726
300,1047
300,1149
300,1728
300,2486
300,2656
301,340
301,595
301,770
301,833
301,1057
301,1248
301,1359
301,1427
301,1829
301,2033
301,2839
302,307
302,420
302,538
302,589
302,815
302,1833
302,1865
302,2683
302,2963
303,317
303,679
303,1054
303,1098
303,2630
303,2765
303,2948
304,658
304,1159
304,2233
304,2311
305,331
305,543
305,677
305,733
305,1424
305,1925
305,2537
305,2589
305,2879
306,354
306,363
306,777
306,2234
306,2451
306,2460
307,1865
307,2438
307,2726
308,347
308,381
308,628
308,748
308,1531
309,426
309,796
309,1237
310,711
310,731
310,745
310,978
310,1512
310,2700
311,434
311,948
311,2035
311,2833
312,954
312,960
312,985
312,1191
312,1265
312,1555
312,2202
312,2259
313,1045
313,1546
313,2938
314,373
314,523
314,829
314,1254
314,1893
315,471
315,907
315,1092
315,1723
315,2188
315,2474
315,2571
316,579
316,1451
316,1868
316,2168
316,2302
316,2954
317,322
317,345
317,728
317,782
317,847
317,902
317,983
317,1346
317,1711
317,1725
317,2459
317,2893
318,347
318,502
318,535
318,557
318,786
318,1535
318,1577
318,1602
318,2891
319,361
319,394
319,638
319,997
319,1189
319,1384
319,1408
319,1836
319,2158
319,2214
319,2915
320,853
320,869
321,413
321,1076
321,1293
321,2002
321,2078
322,1375
322,1455
322,1622
322,1777
322,2315
322,2844
323,357
323,399
323,423
323,468
323,578
323,630
323,876
323,1406
323,1746
323,2777
324,336
324,424
324,472
324,724
324,739
324,994
324,2386
324,2900
325,397
325,417
325,457
325,668
325,751
325,1024
325,1078
325,1267
325,1775
326,584
326,703
326,727
326,798
326,843
326,1108
327,421
327,436
328,540
328,684
328,1336
328,1461
328,1868
328,1869
328,2137
328,2531
329,434
329,440
329,600
329,924
329,996
330,542
330,580
330,695
330,787
330,1055
330,1946
330,2074
330,2365
330,2548
331,428
331,677
331,1754
331,1925
331,2806
331,2879
332,366
332,398
332,1523
333,381
333,1061
333,1257
333,1328
333,1531
333,2627
334,530
334,610
334,1177
334,1513
334,1681
334,2189
334,2206
334,2555
335,464
335,923
335,1110
335,1560
335,1820
335,2288
336,448
336,472
336,724
336,985
336,1817
336,2386
337,574
337,693
337,715
337,1072
337,2358
338,404
338,643
338,685
338,699
338,764
338,1608
338,2784
338,2889
339,525
339,1106
339,1612
339,1687
339,2200
340,509
340,655
340,770
340,1359
340,1427
340,2085
340,2839
340,2871
341,408
341,606
341,1124
341,1289
341,1568
341,1620
341,1801
341,1919
341,2328
342,353
342,620
342,641
342,1133
342,1831
342,1963
342,2043
342,2367
342,2689
343,378
343,488
343,582
343,938
343,1062
343,1246
343,2902
344,374
344,390
344,573
344,851
344,934
344,1587
344,2600
345,522
345,528
345,728
345,780
345,867
345,902
345,1155
345,1197
345,1433
345,2392
346,1230
346,1276
346,1571
346,2293
346,2449
347,502
347,535
347,918
347,1061
347,1145
347,1257
347,2891
348,533
348,627
348,649
348,817
348,982
348,1944
348,2073
348,2491
349,392
349,491
349,609
349,672
349,803
349,1273
349,1938
349,2042
349,2826
350,364
350,723
350,756
350,899
350,1028
350,1304
350,2857
351,487
351,776
351,1181
351,1479
351,1957
351,2064
352,412
352,474
352,478
352,567
352,799
352,965
352,1271
352,1509
352,1558
352,2156
352,2717
353,444
353,454
353,511
353,794
353,1844
353,2381
353,2596
353,2956
354,710
354,1089
354,1325
354,1405
354,1606
354,1960
355,613
355,639
355,641
355,1979
355,2229
355,2552
356,441
356,477
356,797
356,1401
356,1478
356,1716
356,1972
357,506
357,608
357,648
357,819
357,820
357,1160
357,2639
358,480
358,747
358,838
358,1087
358,1387
358,2305
359,647
359,784
359,1499
360,479
360,486
360,531
360,568
360,773
360,1247
360,1331
360,1417
360,1520
360,1786
360,1875
360,2524
360,2628
360,2934
361,571
361,638
361,872
361,1125
361,1927
361,2863
362,369
362,653
362,1219
362,1278
363,520
363,547
363,1236
363,1313
363,1790
363,2788
363,2808
364,490
364,522
364,766
364,844
364,847
364,933
364,1521
364,1774
364,1861
364,2123
365,971
365,1241
365,2112
366,398
366,541
366,585
366,1523
366,2021
367,393
367,546
368,400
368,510
368,530
368,560
368,577
368,935
368,1340
368,2154
368,2189
368,2218
368,2394
369,552
369,653
369,1219
369,1402
370,523
370,1310
371,383
371,1152
372,483
372,618
372,929
372,1453
372,1499
372,1634
372,1646
372,1694
372,1753
372,1809
372,2142
372,2254
372,2287
372,2362
372,2471
373,825
373,1084
373,1141
373,1593
373,1881
373,2316
373,2773
373,2813
374,851
374,2822
374,2936
374,2955
375,433
375,495
375,2346
375,2763
375,2968
375,2975
376,1733
378,488
378,1062
378,1877
378,1888
378,2902
379,824
379,943
379,1146
379,1183
379,1439
379,1496
379,2195
379,2575
380,403
380,875
380,948
380,1266
380,1274
380,1480
380,1995
380,2145
381,628
381,748
381,876
381,2318
381,2566
382,565
382,900
382,1132
382,2164
383,1152
383,1639
383,1901
383,2976
384,386
384,514
384,524
384,651
384,908
384,1137
384,1176
384,1215
384,1385
384,1873
384,2553
384,2707
384,2999
385,424
385,2419
386,432
386,524
386,757
386,814
386,2217
387,504
388,452
388,520
388,611
388,653
388,1486
388,2654
389,1018
389,1035
389,1585
390,706
390,1077
390,1171
390,1597
390,2772
391,785
391,1042
391,1533
391,1621
391,1799
392,735
392,1179
392,1403
392,1553
392,1691
392,3000
393,546
393,838
393,1277
394,692
394,872
394,1259
394,1326
394,1357
394,1676
394,1982
394,2256
395,410
395,586
395,697
395,762
395,989
395,1094
395,1498
395,1565
395,1952
395,2283
395,2894
396,572
396,840
396,1099
396,1104
396,1566
396,1598
396,1973
396,2920
397,417
397,422
397,604
397,666
397,1071
397,1510
397,1726
397,1775
397,1886
397,2292
397,2573
398,585
398,759
398,916
398,1497
398,2021
398,2606
399,499
399,578
399,630
399,714
399,1139
400,629
400,1386
400,2518
401,534
401,554
401,882
401,2019
401,2196
401,2221
401,2447
401,2453
401,2507
401,2816
401,2828
401,2866
401,2896
402,581
402,732
402,1095
402,1202
402,1256
402,1416
402,1971
402,1989
403,607
403,716
403,852
403,864
403,875
403,975
403,1053
403,1165
403,1274
403,1647
403,2145
403,2326
403,2926
404,808
404,2040
404,2253
404,2482
404,2657
405,593
405,708
405,845
405,925
406,420
406,521
406,765
406,930
406,963
406,1001
406,1002
406,1203
406,1315
406,2149
407,408
407,909
407,1568
408,696
408,776
408,897
408,1801
408,1957
409,425
409,474
409,579
409,1749
409,2307
410,586
410,1040
410,1344
410,1693
410,1720
411,761
411,1387
411,1454
411,1530
411,2783
412,474
412,981
412,1058
412,1958
412,2247
412,2277
412,2835
413,592
413,722
413,878
413,2100
413,2505
414,732
414,1303
414,2071
415,710
415,1187
415,1405
415,2032
415,2252
415,2424
415,2634
416,665
416,688
416,1201
416,1352
416,2389
416,2570
417,604
417,835
417,1071
417,1078
417,1775
417,1886
417,2292
417,2649
418,1449
418,1824
418,2177
418,2510
418,2951
419,503
420,482
420,485
420,704
420,778
420,1364
420,1928
420,2577
421,436
421,755
421,950
422,512
422,921
422,1267
422,1409
423,468
423,553
423,578
423,648
423,1406
423,2432
423,2777
424,724
424,726
424,739
424,994
424,1113
424,2900
425,572
425,840
425,1104
425,1854
425,2307
426,796
426,910
426,1446
427,445
427,675
427,678
427,1046
427,1209
427,1544
427,2157
428,677
429,430
429,687
429,968
429,998
429,2239
429,2964
430,863
430,936
430,1116
430,1196
430,1434
430,2205
430,2521
430,2522
430,2527
430,2723
431,588
431,1438
431,2359
432,702
432,757
432,814
432,1313
432,1471
432,1961
432,2041
433,860
433,1004
433,2346
434,440
434,453
434,1012
434,1044
434,1948
435,721
435,1079
435,1129
435,1243
435,2179
436,760
436,1016
436,1323
436,2618
437,443
437,519
437,536
437,795
437,1093
437,2696
437,2764
437,2851
438,518
438,623
438,663
438,683
438,1534
438,2146
438,2295
439,599
439,603
439,664
439,1748
439,1906
440,753
440,1000
440,1041
440,1073
440,2692
441,475
441,477
441,631
441,797
441,823
441,1740
441,1945
441,1980
442,455
442,561
442,816
442,837
442,1026
442,1205
442,1947
442,2122
443,536
443,795
443,915
443,1093
443,1115
443,2411
443,2492
443,2851
444,511
444,794
444,1133
444,1362
444,2721
445,619
445,675
445,678
445,1046
445,1100
445,1209
445,1600
445,1611
445,2157
446,1122
446,1389
446,2053
446,2297
446,2669
446,2787
446,2874
447,654
447,680
447,744
447,898
447,1059
447,1324
448,534
448,789
448,969
448,988
448,2355
448,2379
448,2730
448,2983
449,457
449,850
449,862
449,889
449,953
449,1103
449,2084
450,1479
450,1482
450,1603
450,1999
450,2576
451,771
451,2029
452,1086
452,2654
453,467
453,498
453,600
453,951
453,1012
453,1044
453,1214
453,1360
453,1422
453,2285
453,2421
454,511
454,527
454,783
454,1117
454,2381
454,2596
454,2876
455,561
455,816
455,1518
455,1543
455,1892
455,2122
455,2443
455,2946
456,691
456,1049
456,1082
456,1547
456,1643
456,1766
456,2051
456,2193
457,862
457,889
457,2084
458,555
458,959
458,1068
458,1798
458,2166
458,2741
459,2130
460,575
460,1270
460,1637
460,1742
461,497
461,802
461,1299
461,1843
461,2450
462,1081
462,1700
463,541
463,802
463,1655
464,626
464,923
464,1560
464,1820
464,2275
464,2288
465,490
465,1378
465,1702
465,2441
465,2561
466,493
466,624
466,737
466,1159
466,1781
466,2253
466,2971
467,498
467,1012
467,1360
467,2155
468,548
468,1406
468,1849
469,634
469,879
469,1361
469,1615
469,1650
469,1677
469,1844
470,772
470,937
470,2208
471,558
471,656
471,952
471,1056
471,1154
471,1670
471,1800
471,2571
471,2855
472,645
472,789
472,969
472,1841
472,2899
473,1279
473,1392
473,1858
474,478
474,597
474,965
474,1035
474,1271
474,1509
474,1558
475,1780
475,2197
476,533
476,832
476,1130
476,1200
477,631
477,911
477,1575
477,1945
478,809
478,965
478,1271
478,1558
478,1813
478,2156
479,486
479,531
479,626
479,742
479,848
479,905
479,1247
479,1520
479,1905
480,563
480,747
480,848
480,1138
480,2305
480,2344
480,2885
481,492
481,567
481,1210
481,1317
481,1528
481,2497
481,2579
482,485
482,521
482,704
482,778
482,1596
482,2577
482,2621
483,618
483,647
483,784
483,1366
483,1380
483,1787
483,2613
484,651
484,908
484,1215
484,2174
485,595
485,963
485,1001
485,1136
485,1153
485,1167
485,1484
485,2265
486,531
486,568
486,773
486,1331
486,1417
486,1875
486,2628
487,2064
488,721
488,1563
488,1877
488,2242
488,2262
489,921
489,1365
489,1418
489,1855
489,1933
489,2045
490,728
490,782
490,867
490,890
490,1022
490,1126
490,1440
490,2655
491,615
491,735
491,765
491,855
491,1023
491,1942
491,2092
491,2499
492,686
492,800
492,809
492,1134
492,1210
492,1251
492,1316
492,1317
492,1528
492,2633
492,2856
493,544
493,737
493,831
493,1483
493,2480
494,1148
494,1296
494,1915
495,562
495,944
495,1710
495,2457
496,790
496,1223
496,1586
496,1803
496,2054
496,2405
497,661
497,1080
497,1299
497,1921
497,2323
498,1360
498,1422
498,2285
498,2701
499,714
499,876
499,2363
500,775
500,827
500,1896
500,2075
500,2754
500,2821
501,591
501,1435
501,1469
501,1959
502,535
502,557
502,1145
502,1569
502,2604
503,681
503,750
503,754
503,822
503,1815
503,2086
504,545
504,1374
504,1709
504,1878
504,2244
505,738
505,763
505,2050
506,2258
506,2582
507,514
507,569
507,1162
507,1459
508,1190
508,1937
508,2455
508,2608
509,2225
509,2543
509,2610
510,551
510,577
510,2218
510,2620
511,527
511,1362
511,2178
511,2596
512,640
512,2045
512,2069
512,2273
513,779
513,833
513,979
513,993
513,1164
513,1792
514,651
514,1137
514,1176
514,1244
514,1873
515,822
515,893
515,990
515,1166
515,1747
515,1994
515,2645
516,667
516,1023
516,1883
516,2080
517,540
517,650
517,692
517,932
517,939
517,1022
517,1033
517,1285
517,1429
517,1467
517,1668
518,725
518,2700
518,2738
519,868
519,2465
519,2696
519,2764
519,2995
520,547
520,611
520,1236
520,1473
520,2788
520,2854
521,589
521,1315
521,2351
521,2583
522,528
522,690
522,933
523,829
523,1254
523,1310
523,1893
524,552
524,702
524,2027
525,1106
525,1192
526,1027
526,1302
526,1879
526,2077
526,2659
526,2694
527,1361
527,1362
527,1650
527,1677
527,1734
527,2178
527,2827
527,2843
527,2947
528,690
528,867
528,1155
528,1197
528,2294
528,2319
528,2426
528,2574
528,2655
529,1142
529,1839
530,560
530,935
530,1173
530,1340
530,2458
530,2727
531,568
531,1736
531,1860
531,2524
531,2628
532,736
532,771
532,1789
532,2118
532,2241
532,2678
533,627
533,2978
534,834
534,988
534,1252
535,918
535,1145
535,1569
535,1577
535,1964
535,2604
536,795
536,972
536,1198
536,2815
537,855
537,885
537,956
537,1009
537,1193
538,815
538,1002
538,1292
538,1295
538,1932
538,2103
538,2187
538,2910
539,592
539,831
539,1039
539,1074
539,1293
539,1321
539,1341
539,2422
540,605
540,1126
540,1185
540,1285
540,1668
540,2124
540,2423
542,580
542,695
542,1055
542,1262
542,1651
542,1870
542,2365
542,2556
543,1085
544,670
544,812
544,1885
545,1878
546,563
546,866
546,1426
546,1914
546,2068
546,2892
547,1715
547,2301
547,2788
548,1097
548,1746
548,1759
548,2331
548,2913
549,768
549,807
549,810
549,1342
549,1400
549,2629
550,570
550,1226
550,1661
550,1719
550,1907
550,1962
551,636
551,740
551,873
551,1263
551,1264
551,2059
551,2067
551,2108
551,2213
552,1887
552,2238
552,2293
552,2597
553,1212
554,685
554,689
554,806
554,988
554,1447
554,1468
554,1502
554,1529
555,562
555,959
555,2015
555,2578
556,712
556,805
556,853
556,1296
556,1630
556,2338
557,1535
557,2467
558,656
558,752
558,1288
558,1300
558,1445
558,1582
558,2243
558,2463
559,570
559,642
559,1175
559,1981
560,1340
560,1386
560,2458
561,2946
562,642
562,1413
562,1524
562,1808
562,2282
562,2369
563,842
563,1457
563,1930
563,2501
563,2540
563,2797
564,1412
564,1463
564,1517
564,1599
564,1918
564,2065
565,1884
566,718
566,1230
566,2090
566,2565
566,2713
567,2579
567,2809
568,773
568,905
568,1417
569,1162
569,1459
569,2895
570,841
570,1415
570,1441
571,743
571,1017
571,1188
571,1384
571,2186
571,2409
571,2905
572,1598
572,2284
573,662
573,851
573,1587
573,1898
574,693
574,1072
574,2967
574,2978
575,1224
575,1578
575,1922
576,721
576,1232
576,1496
577,2154
577,2394
578,648
578,2442
579,1185
579,2168
579,2302
579,2805
580,1213
580,1929
580,2010
580,2445
581,1095
581,1642
581,1971
581,2245
581,2944
582,885
582,1478
582,1516
582,1761
582,2466
583,2510
584,1108
584,1494
584,2007
584,2274
586,1040
586,1344
586,1693
586,2342
587,828
587,877
587,942
587,1612
587,2795
588,593
588,1121
588,2359
589,1833
589,2351
590,762
590,1764
590,2224
591,1754
592,624
592,657
592,722
592,878
592,884
592,1216
592,1784
592,2100
592,2279
593,1096
593,1902
593,2009
593,2049
594,616
594,646
594,850
594,931
594,1333
594,1825
594,2004
594,2532
594,2706
595,598
595,1008
595,1075
595,1248
595,1456
595,1570
595,1758
595,2088
595,2115
595,2464
596,650
596,920
596,932
596,939
596,1033
596,1207
596,1493
596,1507
596,2116
596,2127
596,2216
597,799
597,1376
597,2897
598,1221
598,1757
598,1796
598,1811
598,1916
598,2063
599,601
599,635
599,1659
599,1906
600,753
600,919
600,924
600,996
600,1030
600,2205
600,2527
600,2567
601,635
601,676
601,1014
601,1837
601,2018
602,618
602,1031
602,1380
602,1694
602,1818
602,2212
602,2382
602,2431
602,2584
603,1006
603,1550
603,1606
603,1659
603,1748
603,2081
603,2800
604,666
604,1726
604,2292
605,981
605,1559
605,1594
605,1958
606,909
606,989
607,659
607,668
607,713
607,716
607,891
607,951
608,787
608,819
608,820
608,987
608,1946
608,2953
609,655
609,672
609,1667
609,1938
609,2826
610,629
610,1128
610,1492
610,2059
611,1020
611,2769
612,634
612,734
612,808
612,1382
612,1729
612,2040
612,2251
612,2601
612,2798
613,639
613,645
613,854
613,1979
613,2552
614,644
614,769
614,1544
614,2275
615,1023
615,1942
615,2161
615,2499
616,694
616,1333
616,1367
616,1506
616,2004
616,2609
616,2706
617,758
617,818
617,901
617,1063
617,1706
617,2128
618,1031
618,1730
618,2020
618,2584
619,626
619,2487
620,917
620,1314
621,903
621,1489
621,1549
622,625
622,955
622,1319
622,1428
622,1936
622,1997
622,2139
622,2675
622,2698
623,698
623,1025
624,836
624,1157
624,1514
624,2279
624,2514
624,2832
625,955
625,1378
625,1437
625,1997
625,2076
625,2139
626,957
626,1209
626,1253
626,1404
626,2230
626,2662
626,2991
627,649
627,982
627,1268
627,1683
627,1944
627,2073
628,748
628,2318
628,2566
629,636
629,1386
629,2108
631,1575
631,1945
632,1070
632,1664
632,1788
632,1889
632,2345
633,712
633,783
633,791
633,869
633,977
633,1011
633,1015
633,1091
633,1538
633,1613
633,2818
634,657
634,879
635,676
635,870
635,1014
636,1231
636,2067
636,2213
637,871
637,1206
637,1714
637,1977
637,2962
637,2972
638,1051
638,1125
638,1188
638,1279
638,1927
638,2158
638,2266
638,2863
638,2915
639,641
639,673
639,719
639,1211
639,1240
639,1979
639,2213
640,835
640,852
640,921
640,949
640,1290
640,1678
640,1931
640,2069
642,841
642,1175
642,1413
642,1441
642,2170
643,1369
643,1608
643,2066
643,2695
643,2784
644,1544
644,2275
644,2487
645,1102
645,1806
645,2599
645,2646
645,2747
645,2823
646,2102
646,2532
647,752
647,784
647,929
647,1383
647,1634
647,2142
647,2377
647,2605
648,2770
649,767
649,1019
649,1268
649,1683
649,1944
649,2550
650,939
650,1207
650,1285
650,2127
651,908
651,1137
651,1215
651,1532
651,2498
652,708
652,798
652,1036
652,1088
652,1856
652,2274
652,2515
653,1402
653,1969
654,936
654,947
654,1059
654,1116
654,1812
654,2183
655,660
655,1330
655,1390
655,1421
655,1573
655,1618
655,1623
656,746
656,1013
656,1056
656,1288
656,1557
656,1953
656,2923
657,1615
657,2229
657,2644
657,2957
658,2233
659,891
659,2794
660,803
660,1330
660,2003
661,1003
661,1607
662,1127
662,1151
662,1597
662,1791
662,2018
662,2268
662,2711
663,711
663,2192
664,729
664,904
665,1201
665,2175
665,2190
665,2864
666,751
666,1388
666,1448
666,1626
666,2397
667,1883
668,713
668,1338
668,1525
668,1908
668,1956
669,701
669,765
669,1918
669,2039
669,2607
670,1419
670,1610
670,1998
670,2330
670,2480
670,2682
671,966
671,2825
672,1487
672,1667
672,2003
672,2042
673,854
673,1504
673,1846
673,2373
673,2699
673,2901
674,912
674,991
674,2323
674,2375
675,678
675,1100
675,1329
675,1786
676,870
676,1014
676,1564
676,1686
676,2528
677,1925
677,2806
678,1046
678,1100
678,1329
678,1600
678,2157
679,941
679,1194
679,1222
679,1522
679,1576
679,2322
680,1541
680,2016
681,754
681,893
681,895
681,1540
681,2014
681,2086
681,2129
682,1609
682,1896
683,725
683,858
683,1534
683,2146
684,1336
684,1669
684,2531
684,2536
684,2616
685,689
685,806
685,1252
685,1447
685,1468
685,2757
686,800
686,2576
686,2736
687,952
687,1060
687,1685
687,1805
687,2239
687,2448
687,2673
688,887
688,1048
688,1201
688,1762
688,2055
688,2175
689,806
689,1502
690,1197
690,1783
690,2079
690,2319
690,2611
691,832
691,1049
691,1643
691,2051
691,2390
691,2434
691,2688
692,780
692,872
692,1343
692,1771
692,1970
692,2204
692,2489
692,2916
693,705
693,715
693,1072
693,2358
694,1488
695,840
695,1055
695,1208
695,2303
695,2349
695,2536
695,2786
695,2920
696,1120
696,1287
696,1373
696,1680
696,2113
697,989
697,1344
697,2371
697,2766
697,2894
698,958
698,2508
699,1490
699,1642
699,2898
700,1353
701,1029
701,1057
701,1184
702,1649
702,1961
702,2098
702,2119
702,2854
703,843
703,970
703,1595
703,2274
704,778
704,1596
704,2903
705,1066
705,2046
705,2393
706,970
706,1043
706,1077
706,1171
706,1355
706,2549
706,2772
706,2858
707,1774
708,1086
709,1347
709,2029
710,1089
710,1187
710,1325
710,1960
711,731
711,1396
711,2614
712,805
712,869
712,977
712,1011
712,1358
712,2680
713,891
713,2313
713,2794
714,1746
714,2363
715,2967
716,864
716,995
716,1135
716,1294
716,1335
716,1704
716,1756
716,2093
716,2105
716,2117
716,2326
717,945
717,1021
717,1149
717,1384
717,1728
718,2047
718,2708
718,2895
719,772
719,849
719,1776
720,774
720,845
720,1156
720,1250
720,1589
720,2027
721,760
721,1016
721,1323
721,2242
721,2317
721,2374
721,2868
721,2977
722,1216
722,2100
722,2226
722,2505
723,756
723,1028
723,1410
723,2246
723,2329
724,985
724,2260
724,2469
724,2881
725,1006
725,1512
725,2738
726,1021
726,1047
726,1264
726,2259
726,2468
726,2520
728,782
729,904
730,828
730,928
730,942
730,974
730,1180
730,2106
731,745
731,881
731,926
731,978
731,1052
731,1090
731,1150
731,1234
731,1512
731,2614
732,1095
732,1416
732,1989
733,1424
733,2589
733,2879
734,836
734,1157
734,2006
735,1179
735,1337
735,1403
735,2092
736,1370
736,1546
736,1789
736,2241
736,2526
737,1159
737,1781
737,1842
737,1968
737,2480
737,2753
737,2971
738,763
738,913
738,1260
738,1322
739,999
739,1113
739,1763
739,2838
739,2850
740,873
740,1107
740,1211
740,1263
740,1954
740,2138
741,793
741,901
741,1217
741,1239
741,2030
742,905
742,976
742,1138
742,1255
742,1658
742,1736
743,1051
743,1245
743,2186
743,2523
744,898
744,1541
744,1917
744,1993
744,2740
745,882
745,2398
746,1013
746,1225
746,1373
746,1953
746,2025
746,2923
747,973
747,1087
748,2164
749,925
749,1449
749,1584
749,1824
749,2165
749,2970
750,775
750,1815
751,1448
751,1626
751,2397
752,1225
752,1366
752,1787
752,2364
752,2733
753,919
753,1041
753,1140
753,1442
754,2086
754,2089
754,2404
755,796
755,950
755,1237
755,2132
755,2428
756,1178
756,2246
756,2490
757,1004
757,1119
758,818
758,1741
759,916
759,2606
760,1284
760,1323
760,1423
760,2429
761,779
761,1466
762,1498
762,2224
762,2598
763,913
763,1460
763,2050
763,2652
763,2776
764,834
764,1065
764,1369
764,1504
764,1580
764,1712
764,1752
764,2304
765,963
765,1379
765,1935
765,2149
766,2123
767,1019
767,2550
767,2724
768,807
768,871
768,914
768,1342
768,1400
768,2372
769,1755
769,2586
770,1248
770,1359
770,1758
770,1829
770,2033
770,2839
771,888
771,1789
772,861
772,937
773,1786
773,1828
774,845
774,956
774,1121
774,1227
774,1318
774,1814
775,827
775,2754
776,781
776,897
776,1967
777,1195
777,1539
777,1601
778,1596
778,1928
778,2742
779,833
779,1008
779,1164
779,1456
779,1530
779,1570
779,2169
780,890
780,1033
780,1112
780,1440
780,1467
781,907
781,967
781,1482
781,1603
781,1822
781,2907
782,902
782,1155
782,1711
782,1725
783,927
783,1032
783,1734
783,2771
783,2802
784,1366
784,2377
784,2431
784,2605
784,2613
785,1641
785,1645
785,2191
786,811
786,874
786,986
786,1628
786,1666
786,2099
786,2227
787,1099
787,2038
787,2153
787,2626
788,2477
788,2787
789,969
789,1840
790,1223
790,1508
790,1586
790,1619
790,2054
790,2087
791,1091
791,1538
791,1613
791,2818
792,859
792,1069
792,1195
792,1320
792,1550
793,1217
794,2721
795,868
795,883
795,906
795,1093
795,1551
795,2261
795,2350
796,910
797,911
797,1401
797,1888
798,1036
798,1088
798,1229
798,1430
798,1450
798,2420
799,1376
799,1903
799,2255
799,2580
800,1251
801,1212
801,1254
801,1472
801,1503
801,1519
802,1545
802,1655
802,2530
802,2734
803,846
803,1420
803,2042
804,822
804,2073
804,2661
805,853
805,977
805,1064
805,1307
805,1356
805,1991
806,1502
807,1400
807,2372
808,884
808,2601
808,2657
809,1134
809,1316
809,2588
810,2629
811,874
811,986
811,1628
811,1863
811,2227
812,1419
812,1885
812,2719
813,1491
813,1934
813,2703
814,1471
814,1926
814,2666
815,1292
815,1301
815,1865
815,2187
815,2438
815,2562
815,2716
816,2122
816,2481
817,821
817,984
817,992
817,2324
817,2407
818,1063
818,1706
818,1741
819,820
819,987
819,1160
819,1208
819,1773
819,2028
819,2533
819,2640
819,2953
821,1894
821,2560
822,893
822,1747
822,1882
822,2418
823,1485
823,2847
824,903
824,943
824,1034
824,1037
824,1146
824,1439
824,1857
824,2391
825,1084
825,1141
825,1345
825,1593
825,1881
825,2756
825,2973
826,922
826,1222
826,2587
826,2873
827,2821
828,928
828,942
828,1180
828,1186
828,1974
828,2106
830,1536
830,1662
830,1785
831,1039
831,1074
831,1293
831,1321
831,1341
831,2422
832,2193
832,2672
833,979
833,993
833,1164
833,1261
833,1350
833,1757
833,2410
834,1327
834,2937
835,852
835,1124
835,1172
835,1266
835,1652
835,1995
835,2109
835,2819
836,1514
836,2279
836,2514
837,1026
837,1258
837,2840
838,1277
838,1387
838,2305
839,1294
839,1671
839,2201
839,2485
840,1104
840,1208
840,1983
840,2303
840,2349
840,2920
841,860
841,1415
841,1552
841,1604
841,1778
842,1457
842,1633
842,1930
842,1941
842,1988
842,2430
843,1430
843,1595
844,933
844,1684
844,2123
845,925
845,1227
845,1275
845,1298
845,1318
845,1481
845,1537
845,2408
845,2513
846,1038
846,1273
846,1297
846,2949
847,894
847,1054
847,1477
847,1591
848,1657
848,1743
848,1975
850,1388
850,1536
850,1663
850,1745
850,1912
851,1587
851,2600
852,2109
852,2332
853,1064
853,1356
853,1991
854,1065
854,1308
854,1846
854,2373
854,2699
855,1009
855,1193
855,2535
856,1083
856,1282
856,1339
856,1797
856,2356
856,2685
856,2745
857,1194
857,1522
857,1802
857,1852
857,2619
857,2841
858,1007
858,1111
858,1458
858,1673
858,2060
859,1320
859,1590
859,1891
859,2148
860,1552
860,1604
860,1911
861,961
861,1102
861,1128
861,1272
861,1492
861,2171
861,2660
862,889
862,953
862,1103
862,2084
862,2102
862,2379
862,2484
863,936
863,1228
864,1135
864,1312
864,2117
864,2121
864,2909
865,946
865,952
865,1060
866,888
866,1914
866,2892
867,2250
867,2655
868,1602
868,1834
868,2261
868,2465
869,927
869,1015
869,1358
869,1495
869,1951
869,2211
870,1597
871,1206
871,1342
871,1721
871,1774
871,2372
871,2592
871,2976
872,997
872,999
872,1259
872,1326
872,1635
872,1676
872,1982
872,2034
872,2216
872,2417
872,2735
872,2914
873,1107
873,1954
873,2138
874,883
875,1053
875,2194
876,1453
876,1501
876,2363
877,971
877,1807
877,2180
878,2505
878,2674
879,1615
879,1729
880,886
880,1161
880,1224
880,1701
880,2887
881,926
881,1444
881,1874
881,2052
881,2150
881,2236
881,2270
881,2295
881,2296
882,1252
882,1627
882,2196
882,2447
882,2866
883,906
883,923
883,1110
883,1182
884,1157
884,1382
884,2601
884,2798
885,1249
885,1761
885,2082
885,2231
885,2684
886,1161
886,1260
886,1987
886,2887
886,2940
887,1048
887,1101
887,1816
887,1832
889,953
889,1024
889,1309
890,1343
890,2250
890,2276
891,1908
891,2794
892,940
892,1622
892,2137
892,2248
892,2401
893,990
893,1166
893,1424
893,1747
893,1882
893,2645
894,1054
894,1591
894,2013
895,1592
895,2143
895,2525
895,2842
896,1212
896,1519
898,1671
898,1732
898,1993
898,2131
899,1028
900,1809
900,2286
900,2362
900,2471
901,1239
901,1397
901,1736
901,2030
901,2931
902,983
902,1022
902,1346
902,1433
902,1505
902,2459
903,1034
903,1037
903,1439
903,1489
903,1549
903,2343
903,2391
903,2413
904,2398
904,2590
905,976
905,1247
905,1905
906,972
906,1551
906,2350
906,2648
906,2987
907,967
907,1092
907,1876
907,1967
908,1532
909,1568
909,1859
909,2400
909,2476
909,2848
910,1446
910,2530
911,938
911,1246
911,1740
911,1888
911,2791
912,1218
912,2144
912,2375
913,1322
913,1460
913,2776
914,2403
915,1115
915,1198
915,2411
915,2492
915,2815
916,1497
916,2024
917,1616
917,1831
917,1963
917,2982
918,1238
919,1030
919,2205
919,2567
919,2870
920,1348
920,1392
920,1493
920,1851
920,2116
920,2269
920,2667
921,949
921,1290
921,1409
921,1931
921,2057
922,2494
922,2587
922,2873
923,1110
923,1820
924,1948
924,2692
925,1298
925,1481
925,1584
925,2970
926,1052
926,1150
926,1396
927,1032
927,1117
927,2211
928,1186
928,1226
928,1974
928,2710
929,1383
929,1753
929,2091
929,2142
929,2377
930,1114
930,1153
930,1242
930,1443
930,1690
930,2308
930,2665
930,2939
931,2484
931,2495
932,2872
933,1783
933,2079
933,2134
933,2603
933,2611
933,2888
934,2600
934,2925
935,2394
935,2727
936,1196
936,1228
936,1434
936,1674
936,2183
936,2522
937,1173
937,1776
938,1246
938,1574
938,1605
939,1507
940,1050
941,1194
941,1222
941,1332
941,2097
941,2114
941,2322
941,2668
941,2862
942,1106
942,1452
942,2729
943,1034
943,1109
943,2575
944,1710
944,2457
946,1648
946,1835
946,2353
947,1116
947,2436
948,1480
948,1631
948,2300
948,2833
948,2935
950,1237
950,2132
950,2618
951,975
951,1165
951,1475
952,1030
952,1060
952,1670
952,1685
952,2094
952,2340
952,2720
952,2912
953,1760
954,1191
954,1265
954,1399
954,1425
954,1625
954,1821
955,1428
955,1437
955,1588
955,1936
955,1992
955,2139
956,1599
956,1688
956,2539
957,2781
957,2991
958,962
958,974
958,1025
958,1444
958,1452
959,1175
959,1713
959,2015
959,2166
959,2741
960,2437
961,1128
961,1354
961,1724
961,2171
961,2555
961,2743
962,974
962,1444
963,1001
963,1184
963,1379
963,1632
963,1935
963,2039
964,1283
964,1334
964,2918
965,2835
967,1092
967,2907
968,1445
968,1805
968,2527
968,2964
969,2379
969,2554
969,2899
970,1043
970,2160
970,2549
970,2852
971,1395
971,1697
971,2796
972,1363
972,1845
972,1853
972,2648
973,1474
974,1452
975,1053
975,1351
975,1647
975,1731
975,2926
976,1255
976,1305
976,1658
977,1011
977,1064
977,1307
977,2680
978,1052
978,1090
979,993
979,1075
979,1350
979,1530
979,1570
979,1792
979,2679
980,1067
980,1665
980,2000
981,1058
981,1559
981,1862
981,2341
983,1147
983,1346
983,1505
983,1767
983,1904
983,2395
983,2687
984,992
984,2324
984,2407
984,2546
985,1470
985,1817
985,2185
986,1628
987,1773
987,1823
987,2153
988,1170
988,2355
989,1040
989,1565
989,1952
989,2283
989,2371
989,2894
990,1019
990,1166
990,1220
990,1994
991,1218
991,1244
991,1281
991,1617
992,2324
993,1008
993,1075
993,1261
993,1280
993,1811
993,2388
993,2454
993,2641
993,2774
994,1113
994,1804
995,1335
995,1704
995,1756
995,2093
995,2427
996,1000
996,1073
996,1289
996,1620
996,2184
997,1189
997,1635
997,1984
998,1196
998,2436
998,2521
998,2964
999,1112
999,1259
999,1636
999,1727
999,2204
999,2352
999,2396
999,2470
1000,1073
1000,2207
1001,1167
1001,1315
1001,1379
1001,1996
1001,2500
1001,2504
1001,2992
1002,1114
1002,1833
1002,2309
1002,2351
1002,2583
1003,1232
1003,1567
1003,1607
1003,2314
1004,1119
1004,1432
1005,2001
1005,2861
1006,1550
1006,2081
1007,1111
1007,1143
1007,1673
1007,1717
1007,1751
1008,2088
1008,2115
1008,2464
1009,1249
1009,1692
1009,2539
1010,1578
1010,1987
1010,2483
1011,1015
1011,1358
1011,2680
1012,1044
1012,1214
1012,2035
1014,1178
1014,1564
1014,1686
1015,1032
1015,1495
1015,2211
1015,2802
1018,1585
1018,2412
1019,1220
1019,1683
1019,1847
1020,1158
1020,1500
1020,1715
1020,1898
1020,2769
1021,1102
1021,1470
1021,1629
1021,1724
1021,2048
1021,2572
1022,1126
1022,2423
1023,1193
1024,1349
1024,1515
1024,2737
1025,1713
1026,1205
1026,1850
1027,1879
1027,2077
1027,2544
1027,2659
1027,2694
1028,1304
1028,2246
1028,2857
1029,1179
1029,1184
1029,1233
1029,1235
1029,1306
1029,1965
1029,2220
1030,1805
1030,2567
1030,2831
1031,1380
1031,1730
1031,1818
1031,2209
1031,2382
1032,2802
1033,1467
1034,1037
1034,2343
1035,1561
1035,2061
1035,2348
1035,2671
1036,1088
1036,1450
1036,2049
1036,2936
1037,2836
1038,1273
1038,1297
1038,2949
1039,1074
1040,1565
1040,1720
1040,2283
1040,2342
1041,2207
1042,1641
1042,1645
1042,2191
1043,2160
1043,2693
1043,2801
1043,2852
1044,1214
1044,1948
1045,1144
1045,1221
1045,1827
1046,1600
1047,2419
1047,2520
1048,1101
1048,1762
1048,1832
1048,2333
1049,1082
1049,1085
1049,1547
1049,2182
1049,2193
1049,2672
1050,1711
1050,2722
1050,2844
1051,1083
1051,1125
1051,1408
1051,1556
1051,2523
1051,2686
1051,2905
1052,1090
1052,1234
1053,2817
1054,2013
1054,2630
1054,2942
1055,1213
1055,1651
1055,1946
1055,2074
1055,2582
1055,2617
1056,1154
1056,1300
1056,1557
1057,1431
1057,1632
1057,1955
1057,2475
1057,2681
1058,1559
1058,1958
1058,2277
1058,2341
1060,1685
1060,1819
1060,2340
1060,2720
1060,2912
1061,2291
1061,2966
1062,1516
1062,1563
1062,2902
1063,1706
1063,1889
1063,1899
1063,2345
1064,1307
1064,2135
1065,1369
1065,1580
1065,1712
1065,2107
1065,2937
1066,1527
1066,2046
1066,2393
1067,1665
1067,2337
1067,2433
1069,1590
1070,1639
1071,1510
1072,2358
1072,2988
1073,1289
1073,1442
1074,1321
1074,1341
1075,1261
1075,1280
1075,1796
1075,2388
1075,2410
1075,2702
1076,1638
1076,2272
1076,2298
1076,2511
1077,1171
1077,1178
1077,1791
1078,2237
1079,1129
1079,1243
1080,1921
1081,1700
1081,1860
1082,1766
1083,1282
1083,2312
1083,2685
1084,1141
1084,1593
1084,1881
1084,2756
1084,2973
1086,1986
1086,2961
1087,1277
1087,1426
1087,1457
1087,2501
1088,1450
1088,1852
1088,2515
1088,2751
1089,1473
1089,1960
1089,2032
1089,2252
1089,2739
1090,1150
1090,1234
1091,1538
1092,1876
1092,2474
1092,2571
1093,1115
1093,2696
1093,2851
1094,1708
1094,2198
1094,2387
1094,2545
1094,2623
1095,1416
1095,2974
1096,1986
1096,2301
1096,2425
1096,2880
1097,1139
1097,1759
1097,2222
1097,2331
1098,2001
1098,2948
1100,1329
1100,2941
1101,1169
1101,1762
1101,1816
1101,1832
1101,2181
1101,2752
1101,2990
1102,1264
1102,2036
1102,2376
1102,2551
1102,2747
1102,2823
1103,1168
1103,1349
1103,2278
1104,1566
1104,1983
1106,1192
1106,1202
1106,1372
1106,1612
1106,1738
1106,1890
1106,2112
1106,2200
1107,1191
1107,1555
1107,1806
1107,1867
1107,1954
1108,1494
1108,2007
1109,1131
1109,2195
1109,2997
1112,1727
1112,1804
1112,2023
1112,2677
1112,2850
1113,1636
1113,1804
1113,2470
1114,1153
1114,1174
1114,1895
1114,2878
1115,2411
1116,1228
1116,1434
1116,1812
1116,2183
1116,2368
1117,1734
1117,2771
1117,2876
1118,2136
1119,1432
1119,2219
1119,2749
1119,2930
1120,1223
1120,1373
1120,1876
1120,2855
1121,1227
1121,1275
1121,1562
1121,1814
1121,2306
1121,2865
1121,2960
1122,1389
1122,1391
1122,1463
1122,2058
1122,2297
1123,1825
1123,1848
1123,2559
1124,1172
1124,1652
1124,2070
1124,2439
1124,2793
1125,1188
1125,1927
1125,2158
1125,2186
1125,2214
1125,2266
1125,2905
1127,1151
1127,2268
1128,1492
1128,1867
1128,2171
1128,2555
1128,2908
1129,2179
1129,2625
1130,1182
1130,1200
1130,1404
1130,2008
1131,1381
1131,2047
1131,2090
1132,1453
1132,1501
1132,1548
1132,1646
1132,1884
1132,2257
1132,2581
1132,2989
1134,1190
1134,1316
1134,1937
1134,2588
1134,2633
1135,1312
1135,2121
1135,2547
1135,2909
1136,1167
1136,1431
1136,2903
1137,1176
1137,1385
1137,1873
1137,2174
1137,2553
1137,2707
1138,2344
1139,1310
1139,1849
1139,2222
1140,1442
1141,1345
1141,1863
1142,2069
1143,1717
1144,1699
1145,1238
1145,1569
1145,1577
1146,1183
1146,1857
1146,2670
1147,1682
1147,1705
1147,1767
1147,2044
1147,2395
1147,2632
1148,1915
1149,2348
1150,1396
1150,1529
1151,2268
1151,2460
1152,1949
1152,2199
1153,1174
1153,1443
1153,1690
1153,1826
1153,2308
1153,2744
1154,1670
1154,1800
1154,1897
1154,2803
1155,1433
1155,2250
1155,2294
1155,2392
1155,2574
1156,1584
1156,2594
1157,1514
1157,2040
1158,1486
1158,1976
1159,1781
1159,2753
1160,1773
1160,1823
1160,2028
1160,2360
1160,2533
1160,2640
1162,1459
1163,2510
1163,2875
1164,1456
1164,1792
1165,1351
1165,1475
1165,1908
1166,1220
1166,1994
1167,1996
1167,2500
1167,2992
1168,1309
1168,1760
1168,2278
1168,2325
1168,2994
1169,1319
1169,2190
1169,2752
1169,2864
1170,1407
1170,2355
1171,1355
1171,1791
1171,2549
1172,1266
1172,1365
1172,1414
1172,1652
1172,2070
1172,2439
1173,1177
1173,2189
1174,1443
1174,2744
1175,1413
1175,1441
1175,1476
1175,1808
1175,1981
1175,2282
1175,2346
1175,2534
1176,1385
1176,1462
1177,1513
1177,1681
1178,1564
1178,1640
1178,2801
1179,1233
1179,1291
1179,1306
1179,1371
1179,1691
1179,1965
1179,2065
1179,2807
1179,2846
1180,1186
1182,1199
1182,1404
1183,1857
1183,2670
1184,1235
1185,1429
1185,1668
1185,2269
1186,2710
1187,1325
1187,2252
1188,2214
1188,2266
1189,1556
1189,1703
1189,2264
1190,2588
1190,2736
1190,2856
1191,1470
1191,1555
1191,2163
1191,2260
1192,1372
1192,1395
1192,1533
1192,2052
1193,1249
1193,2535
1194,1332
1194,1368
1194,1522
1194,1802
1194,2357
1194,2402
1194,2859
1195,1539
1195,1601
1195,2234
1196,2673
1197,2079
1197,2319
1197,2611
1198,1363
1198,2037
1198,2636
1198,2815
1199,1464
1201,2055
1201,2570
1202,1241
1202,1377
1202,1490
1202,2415
1202,2591
1202,2709
1204,1839
1205,1548
1205,1722
1205,1850
1207,1493
1207,1594
1207,1654
1207,1851
1208,2548
1209,2230
1210,1317
1210,2497
1211,1240
1211,1308
1212,1696
1213,1262
1213,1651
1213,1929
1213,2548
1213,2582
1213,2981
1215,2174
1215,2498
1216,2226
1217,1239
1217,1397
1217,1864
1217,2790
1218,1281
1218,1532
1218,1617
1218,1735
1219,1402
1220,1847
1222,2322
1222,2668
1222,2862
1223,1287
1223,1508
1223,1803
1223,2017
1223,2054
1223,2886
1223,2985
1225,2364
1225,2922
1226,1661
1226,1689
1226,1907
1226,1962
1226,2493
1226,2697
1227,1275
1227,2865
1227,2960
1228,1674
1230,2565
1230,2713
1231,1302
1231,2811
1232,1250
1233,1235
1233,1291
1233,1306
1233,1371
1233,1517
1233,1965
1233,2384
1233,2846
1234,1447
1235,2220
1236,1473
1236,1790
1236,2808
1237,2132
1237,2618
1238,1818
1238,1866
1238,1964
1238,2011
1239,1397
1239,2030
1239,2790
1239,2931
1240,1308
1240,1625
1241,1256
1241,2709
1242,1491
1242,1826
1242,2665
1243,1554
1243,2625
1244,1281
1244,1617
1245,2409
1246,1284
1246,1574
1247,1520
1248,1484
1248,1829
1248,2782
1249,1337
1249,1412
1249,1517
1249,1599
1249,1692
1250,1737
1250,2444
1250,2594
1252,1627
1252,2019
1252,2447
1252,2757
1254,2176
1255,1305
1255,1644
1255,1657
1255,1905
1255,2096
1255,2126
1255,2758
1255,2986
1256,2709
1258,2456
1258,2840
1259,1326
1259,1357
1259,1635
1259,1676
1259,1982
1259,1984
1260,1838
1260,2652
1261,1280
1261,1350
1261,1796
1261,1916
1261,2702
1262,1870
1262,1983
1262,2271
1262,2568
1263,2059
1263,2908
1264,2259
1264,2370
1264,2468
1265,1399
1265,1425
1266,2109
1267,1510
1268,1847
1268,2550
1268,2724
1269,2969
1270,1922
1270,2658
1271,1509
1271,2255
1272,2638
1273,1297
1273,1420
1273,2321
1273,2785
1274,1480
1274,1647
1274,1995
1275,1298
1275,1318
1275,1537
1275,1814
1275,2513
1276,1739
1279,2914
1280,2702
1282,1797
1283,1334
1283,2998
1284,1423
1284,1701
1285,1653
1286,1367
1286,1572
1286,2133
1286,2612
1287,1508
1287,2087
1287,2886
1288,1445
1288,1582
1288,1819
1288,2243
1289,1723
1290,1678
1290,2057
1291,1337
1291,1403
1291,1691
1291,2812
1292,1295
1292,1301
1292,2187
1293,1638
1293,2078
1293,2290
1293,2298
1294,2155
1294,2215
1294,2485
1295,1301
1295,1895
1295,1949
1295,2103
1295,2199
1296,1581
1296,1630
1296,2338
1297,2321
1297,2785
1297,2949
1298,1481
1298,1537
1298,2408
1299,1843
1300,2025
1300,2463
1302,1675
1302,1920
1302,2385
1302,2811
1303,1542
1303,1642
1303,1968
1305,2147
1305,2228
1305,2496
1305,2965
1306,2220
1307,1356
1307,2135
1308,1625
1308,1846
1308,1900
1309,2325
1309,2994
1310,2176
1311,2517
1312,2121
1312,2547
1313,1649
1313,1961
1313,2119
1313,2558
1314,1616
1314,1831
1314,2043
1315,2500
1315,2504
1316,2633
1317,1528
1318,2513
1319,1428
1319,1588
1319,2675
1320,1717
1320,1891
1323,1423
1324,1917
1324,1993
1324,2016
1324,2740
1325,2032
1326,1357
1326,1771
1326,1970
1326,2396
1327,1821
1327,1840
1327,1841
1328,2432
1329,2542
1330,1390
1330,1421
1330,1573
1331,2512
1331,2540
1332,1940
1333,2004
1334,2159
1334,2918
1335,1704
1335,2105
1336,1868
1336,1869
1337,1371
1337,1672
1338,1525
1341,2422
1342,1721
1342,2629
1343,1440
1343,2276
1344,2371
1344,2766
1345,2519
1345,2624
1346,1777
1347,1435
1347,2014
1347,2327
1349,1515
1349,2313
1350,2679
1351,1475
1351,1731
1352,1837
1352,2389
1354,1629
1354,2743
1355,2693
1356,1991
1356,2135
1357,1771
1357,2489
1358,1495
1358,1951
1360,2285
1361,1650
1361,1677
1362,2178
1362,2827
1362,2947
1363,1464
1363,1853
1364,1484
1364,1698
1364,2088
1364,2265
1365,1414
1365,1418
1365,2502
1366,1787
1366,2431
1367,1488
1367,1572
1367,2609
1367,2612
1368,1934
1368,2173
1368,2263
1368,2361
1368,2718
1369,1407
1369,1679
1369,2022
1370,1374
1370,2118
1371,1553
1371,1672
1371,1918
1371,2140
1372,1687
1372,1890
1372,1943
1372,2336
1373,1680
1373,2113
1374,1913
1375,1455
1376,1903
1377,1738
1377,2052
1377,2415
1377,2945
1378,1437
1378,1702
1378,1992
1378,2172
1378,2845
1379,1632
1379,1935
1379,1996
1379,2503
1380,1730
1380,2020
1380,2209
1380,2382
1380,2584
1381,2541
1382,1729
1382,2798
1383,1634
1383,1694
1383,1795
1383,2091
1383,2287
1384,1408
1384,1703
1385,1462
1385,2553
1385,2999
1386,2108
1386,2518
1387,1474
1387,1511
1387,1828
1387,2928
1388,1745
1389,1391
1389,2297
1389,2506
1391,1794
1391,2669
1392,1858
1392,2056
1393,1411
1393,1624
1394,1465
1394,1583
1394,2635
1395,1943
1396,2295
1397,1864
1397,2790
1397,2931
1397,2952
1398,1986
1400,1660
1400,2072
1401,1716
1401,1972
1402,1969
1402,2769
1403,1553
1403,2807
1404,2288
1404,2487
1404,2662
1405,2424
1405,2558
1405,2739
1406,2442
1407,2022
1408,1556
1410,2528
1411,1624
1412,1688
1412,2140
1412,2849
1412,2906
1413,1476
1413,1808
1413,1981
1413,2282
1413,2369
1413,2748
1414,1855
1416,1971
1417,1875
1418,1933
1418,2502
1419,1483
1419,2330
1419,2682
1420,2321
1422,2701
1424,1592
1424,1754
1426,2068
1426,2501
1426,2797
1427,1955
1428,1588
1428,1936
1428,2675
1429,2124
1430,1856
1430,2420
1431,2475
1431,2681
1432,2219
1433,2392
1433,2459
1434,1674
1435,1540
1435,1592
1435,2083
1435,2143
1435,2339
1435,2399
1436,2347
1437,1992
1438,1902
1438,2725
1439,2391
1439,2836
1441,1476
1442,1723
1443,2744
1444,1874
1444,2150
1444,2192
1444,2236
1444,2296
1445,1582
1446,1545
1446,1567
1446,2530
1447,1627
1447,2757
1448,1626
1448,2356
1449,2165
1451,2168
1451,2302
1453,1646
1453,2254
1455,1714
1455,2844
1456,1698
1456,2169
1457,1930
1457,1988
1458,1673
1458,2060
1459,2997
1460,2776
1461,1579
1461,1669
1461,1909
1461,1977
1461,2315
1462,2217
1462,2478
1463,2110
1463,2263
1463,2334
1463,2958
1464,1845
1465,2705
1465,2860
1466,1474
1466,1511
1466,2240
1466,2344
1470,2036
1470,2260
1470,2830
1471,1926
1471,2041
1471,2098
1474,1511
1474,2928
1475,1731
1477,2890
1478,2466
1479,1772
1479,1999
1479,2809
1480,2300
1481,2408
1481,2970
1482,1772
1482,1822
1482,1923
1484,2265
1484,2577
1486,1976
1487,1950
1487,2085
1487,2225
1487,2414
1487,2871
1490,1842
1490,2012
1490,2320
1490,2482
1491,1901
1491,2703
1492,2646
1492,2660
1493,1507
1493,1851
1493,2116
1493,2216
1494,1576
1494,2357
1495,1951
1497,2024
1498,1764
1498,2026
1498,2224
1498,2289
1498,2545
1498,2598
1499,2257
1501,1518
1501,1548
1501,1871
1501,1924
1501,1978
1502,2974
1504,1580
1504,1752
1504,2837
1505,1767
1505,2632
1506,1966
1506,2732
1507,1594
1507,1654
1508,2581
1509,2255
1509,2580
1510,1678
1510,2057
1510,2649
1512,2700
1513,1681
1513,2206
1515,1956
1516,1589
1516,2466
1517,1672
1517,2140
1517,2906
1518,1871
1518,2162
1518,2443
1519,1696
1520,2512
1520,2602
1520,2934
1521,1783
1521,2888
1522,1802
1522,2357
1522,2402
1522,2859
1523,2538
1524,2062
1524,2170
1526,1872
1526,2152
1526,2249
1526,2746
1526,2959
1527,2393
1531,2318
1531,2432
1531,2627
1532,2498
1533,1610
1533,2796
1535,1666
1535,2099
1535,2104
1536,1912
1536,2267
1536,2690
1539,1601
1540,2129
1540,2281
1540,2339
1540,2472
1541,1769
1541,1917
1541,2131
1541,2151
1541,2380
1545,1655
1545,2734
1546,1656
1546,1827
1546,2938
1547,2051
1547,2182
1547,2452
1548,1884
1548,1924
1548,2257
1548,2354
1548,2989
1550,2081
1550,2800
1551,2261
1551,2350
1552,1604
1552,1778
1552,1911
1553,2812
1553,3000
1555,1785
1555,1806
1555,2163
1555,2599
1556,1836
1556,2686
1557,2025
1558,2156
1559,1653
1559,1782
1559,1862
1559,2277
1561,1662
1561,2061
1562,2306
1562,2506
1562,2874
1563,1716
1563,2242
1563,2262
1563,2429
1564,1640
1565,1952
1565,2342
1567,1607
1567,2314
1569,1866
1569,2203
1572,2133
1573,2225
1573,2388
1576,2114
1577,1602
1577,2604
1577,2891
1578,1838
1578,2005
1579,1909
1579,2235
1579,2383
1581,2761
1582,2243
1583,2635
1583,2877
1584,2165
1584,2594
1585,2061
1585,2435
1586,1619
1586,2789
1586,2985
1588,2076
1588,2190
1589,1737
1590,2148
1590,2704
1592,1614
1592,2210
1592,2281
1592,2537
1592,2595
1593,2316
1594,1654
1596,1698
1596,2621
1597,2711
1598,2284
1599,1688
1599,1692
1600,1611
1601,2234
1601,2451
1602,1666
1602,2467
1603,1999
1604,1778
1604,1911
1604,2219
1606,1659
1606,2750
1608,2304
1610,2796
1612,1687
1613,1784
1613,2446
1614,2210
1614,2281
1614,2399
1614,2595
1614,2924
1615,1616
1615,2644
1616,1844
1616,2775
1617,1880
1617,2450
1618,1623
1620,1919
1621,1799
1621,1998
1622,1777
1622,2401
1622,2722
1625,1900
1626,2397
1626,2737
1626,2820
1629,1724
1629,1985
1629,2048
1630,2338
1631,2035
1631,2833
1632,2503
1633,1941
1633,2430
1633,2542
1634,2287
1635,1636
1635,1984
1635,2034
1635,2352
1636,1727
1636,2204
1636,2470
1636,2653
1636,2921
1638,2002
1638,2290
1641,1645
1642,2304
1643,2688
1644,1744
1644,2488
1644,2496
1644,2651
1646,2254
1646,2760
1646,2853
1647,2326
1647,2817
1647,2926
1648,1835
1648,2867
1649,2119
1649,2479
1651,2271
1651,2365
1651,2981
1653,1749
1654,1782
1655,2734
1656,1827
1657,1743
1657,1975
1659,1748
1659,2750
1659,2800
1660,2072
1661,1689
1661,2280
1662,2759
1663,2759
1664,1788
1665,2000
1665,2337
1665,2433
1665,2538
1666,2099
1667,2871
1668,2124
1670,1897
1670,2094
1670,2188
1670,2714
1671,1732
1671,1793
1671,2201
1671,2485
1672,2065
1673,2060
1674,2436
1674,2522
1675,1920
1675,2385
1675,2631
1676,2034
1676,2256
1676,2643
1678,2332
1679,2022
1680,2113
1681,2206
1682,1705
1682,1904
1682,2044
1682,2569
1684,2134
1685,1897
1685,2094
1685,2340
1687,1890
1687,2200
1687,2336
1688,2539
1689,1910
1690,1826
1690,2308
1690,2878
1690,2939
1691,2807
1693,1797
1693,2312
1694,1795
1694,1830
1694,2091
1694,2232
1694,2286
1694,2615
1695,1980
1696,2778
1700,1755
1702,2172
1703,2264
1704,1756
1704,2427
1705,1904
1705,2044
1705,2395
1706,1741
1706,2128
1708,2198
1709,2804
1710,2457
1711,1725
1711,2687
1712,2107
1713,1798
1714,2315
1716,1972
1717,1751
1717,1891
1717,1939
1717,2031
1719,2062
1722,1947
1723,2188
1723,2714
1724,1728
1724,2048
1724,2572
1725,2687
1725,2893
1726,2573
1727,2023
1728,2486
1728,2572
1729,2251
1730,2020
1730,2209
1732,1769
1732,1793
1733,2829
1735,2167
1737,2444
1738,2729
1739,1770
1739,2413
1740,1780
1740,1980
1740,2197
1740,2715
1740,2791
1744,2488
1744,2910
1745,2412
1745,2691
1747,2418
1749,2516
1749,2805
1750,2729
1752,2837
1752,2943
1755,1810
1755,2586
1755,2950
1756,2093
1756,2427
1757,2063
1758,2033
1760,2102
1760,2495
1760,2869
1760,2883
1761,2082
1761,2231
1762,2055
1762,2175
1762,2333
1762,2389
1763,2698
1764,2026
1764,2223
1765,2110
1765,2334
1767,2013
1767,2632
1767,2942
1769,1793
1769,2151
1770,1887
1770,2027
1771,1970
1772,1923
1772,1967
1773,1823
1773,2028
1773,2038
1773,2360
1775,1886
1775,2737
1776,2917
1777,2248
1777,2722
1780,2050
1780,2197
1780,2715
1782,1813
1782,2269
1782,2516
1783,2134
1783,2603
1784,2446
1784,2818
1789,2241
1789,2526
1789,2678
1789,2767
1791,2711
1792,2464
1793,2201
1794,1934
1794,2053
1794,2058
1795,1830
1795,2212
1796,1811
1796,1916
1796,2454
1797,2409
1797,2745
1798,2508
1800,2474
1800,2803
1802,1940
1802,2841
1802,2859
1803,2789
1803,2886
1803,2985
1805,2448
1805,2831
1806,1867
1806,2163
1808,2369
1808,2578
1808,2748
1809,2471
1810,2950
1811,2063
1811,2454
1811,2610
1811,2641
1811,2774
1812,2368
1813,1990
1815,2089
1815,2143
1817,2185
1817,2202
1820,2813
1822,2907
1823,2360
1823,2770
1825,2208
1825,2559
1825,2642
1825,2884
1827,2526
1828,2240
1828,2529
1828,2593
1829,1955
1829,2475
1829,2782
1830,2212
1830,2232
1831,2043
1831,2367
1831,2689
1832,2333
1832,2440
1832,2585
1833,2963
1834,2104
1834,2987
1835,2353
1836,2671
1838,2652
1839,2810
1840,1841
1841,2185
1841,2386
1841,2554
1841,2899
1842,2253
1842,2514
1842,2832
1843,1880
1844,2775
1845,2648
1846,2373
1846,2552
1846,2699
1846,2901
1848,2559
1849,2639
1849,2640
1850,1892
1850,1973
1851,2056
1851,2667
1852,2619
1852,2751
1854,1990
1856,2420
1859,2400
1859,2848
1860,2310
1863,2152
1863,2756
1864,2310
1864,2952
1865,2438
1866,1964
1866,2011
1866,2203
1868,1869
1868,2954
1869,2824
1869,2954
1870,2271
1871,1924
1871,1978
1871,2162
1872,2249
1872,2959
1874,2192
1874,2236
1874,2270
1875,2524
1877,2317
1878,1913
1879,2544
1880,2450
1881,2813
1882,2418
1882,2661
1883,2080
1884,2989
1885,2330
1885,2719
1886,2573
1887,2238
1887,2563
1887,2597
1887,2895
1887,2996
1889,2335
1889,2462
1890,2336
1892,1973
1894,2075
1894,2557
1895,1932
1895,2299
1896,2075
1896,2754
1901,2173
1901,2669
1901,2676
1902,2049
1902,2725
1902,2751
1904,2569
1905,2986
1906,2406
1907,1962
1907,2180
1907,2280
1912,2267
1912,2690
1914,2892
1916,2610
1917,2131
1917,2380
1918,2384
1919,2184
1920,2811
1922,2005
1922,2658
1924,1978
1924,2162
1924,2354
1925,2806
1927,2863
1927,2914
1927,2915
1928,2742
1929,2010
1929,2445
1929,2731
1930,1988
1932,2309
1934,2173
1934,2361
1935,2503
1936,2221
1938,1942
1938,2414
1938,2826
1939,2031
1941,2542
1941,2941
1941,2980
1942,2092
1942,2499
1946,2074
1946,2617
1949,2814
1953,2923
1954,2138
1954,2437
1957,2387
1957,2809
1957,2904
1958,2247
1958,2835
1959,2244
1959,2378
1959,2473
1961,2098
1963,2982
1964,2011
1964,2203
1965,2384
1965,2846
1966,2732
1967,2064
1971,2245
1971,2898
1971,2944
1974,2984
1975,2096
1975,2986
1977,2962
1977,2972
1980,2791
1981,2534
1982,2256
1982,2872
1983,2303
1983,2349
1983,2762
1983,2824
1984,2417
1984,2643
1985,2486
1986,2301
1986,2425
1986,2955
1987,2940
1989,2974
1992,2172
1992,2845
1993,2016
1995,2145
1996,2992
1997,2698
1999,2576
2000,2005
2001,2948
2002,2078
2002,2511
2006,2226
2010,2235
2010,2445
2012,2320
2013,2630
2013,2942
2014,2327
2014,2366
2014,2378
2015,2062
2015,2508
2017,2405
2019,2196
2019,2647
2021,2606
2022,2889
2023,2677
2023,2838
2023,2850
2026,2289
2027,2238
2027,2854
2027,2996
2028,2038
2028,2442
2028,2533
2029,2804
2030,2128
2030,2799
2034,2352
2034,2653
2035,2779
2035,2935
2036,2370
2036,2376
2036,2469
2036,2551
2037,2120
2037,2636
2037,2988
2038,2153
2038,2626
2040,2251
2043,2367
2044,2569
2044,2592
2045,2223
2045,2273
2046,2120
2046,2967
2047,2834
2050,2161
2051,2182
2051,2452
2052,2150
2052,2270
2052,2296
2053,2058
2053,2477
2054,2087
2055,2603
2057,2300
2057,2649
2058,2477
2059,2908
2066,2111
2066,2416
2069,2691
2070,2439
2070,2793
2073,2407
2074,2258
2074,2568
2074,2617
2075,2557
2076,2095
2077,2694
2078,2650
2082,2684
2087,2405
2088,2115
2089,2404
2091,2615
2092,2535
2094,2714
2096,2126
2096,2147
2097,2862
2098,2558
2099,2104
2101,2997
2103,2562
2105,2194
2105,2509
2109,2332
2109,2819
2110,2263
2110,2334
2110,2958
2113,2932
2114,2861
2116,2127
2116,2667
2119,2479
2121,2155
2121,2909
2122,2481
2128,2799
2129,2472
2131,2380
2133,2642
2135,2674
2140,2906
2141,2560
2143,2210
2143,2525
2143,2842
2144,2834
2147,2228
2147,2965
2153,2626
2155,2215
2156,2717
2160,2693
2160,2852
2162,2443
2163,2599
2165,2951
2166,2741
2167,2375
2171,2660
2172,2441
2172,2561
2172,2845
2173,2361
2173,2676
2173,2718
2174,2478
2178,2827
2178,2843
2181,2440
2181,2585
2184,2779
2186,2523
2187,2562
2187,2716
2189,2208
2189,2727
2189,2917
2190,2864
2193,2672
2194,2421
2194,2993
2195,2575
2196,2816
2197,2715
2202,2882
2204,2396
2205,2870
2208,2642
2208,2917
2210,2525
2212,2232
2215,2509
2216,2735
2216,2792
2217,2666
2217,2749
2218,2518
2218,2620
2219,2930
2221,2453
2221,2507
2223,2273
2224,2598
2225,2637
2228,2965
2229,2712
2229,2943
2232,2615
2233,2311
2233,2753
2234,2451
2234,2460
2235,2383
2235,2461
2235,2556
2237,2356
2237,2564
2237,2820
2238,2563
2239,2448
2240,2529
2240,2593
2240,2622
2241,2678
2241,2767
2242,2262
2242,2374
2242,2429
2242,2449
2242,2977
2243,2463
2245,2944
2246,2329
2246,2490
2246,2857
2248,2401
2249,2959
2250,2294
2253,2657
2254,2663
2255,2580
2256,2417
2256,2643
2259,2468
2259,2881
2260,2370
2260,2882
2262,2317
2262,2868
2269,2516
2271,2981
2274,2515
2277,2341
2278,2994
2280,2493
2280,2697
2280,2755
2281,2339
2281,2472
2281,2664
2281,2924
2282,2534
2287,2613
2287,2663
2288,2662
2288,2991
2290,2298
2290,2650
2291,2966
2293,2449
2294,2426
2295,2614
2296,2591
2300,2779
2301,2880
2301,2961
2303,2762
2303,2786
2306,2865
2308,2939
2312,2685
2316,2773
2317,2343
2317,2374
2317,2868
2318,2566
2319,2426
2319,2574
2320,2482
2321,2785
2322,2668
2324,2491
2324,2546
2325,2495
2325,2869
2325,2883
2327,2366
2330,2682
2331,2913
2332,2819
2335,2462
2335,2731
2337,2433
2340,2720
2340,2912
2343,2836
2344,2622
2344,2728
2346,2975
2349,2762
2351,2963
2352,2653
2352,2921
2354,2581
2355,2730
2355,2937
2357,2402
2361,2676
2367,2689
2369,2578
2369,2748
2369,2927
2370,2376
2371,2579
2371,2623
2373,2901
2376,2469
2376,2551
2379,2730
2381,2956
2383,2461
2386,2554
2387,2904
2388,2410
2388,2543
2400,2476
2407,2491
2407,2546
2409,2745
2410,2679
2411,2492
2412,2691
2414,2812
2415,2591
2420,2822
2421,2509
2421,2993
2424,2634
2424,2739
2425,2961
2431,2605
2434,2941
2434,2980
2436,2521
2439,2793
2440,2585
2440,2647
2440,2990
2441,2677
2444,2684
2447,2453
2447,2828
2447,2983
2448,2831
2449,2563
2449,2597
2453,2507
2453,2816
2453,2896
2454,2641
2455,2456
2455,2608
2455,2919
2456,2608
2457,2927
2461,2556
2465,2764
2465,2995
2470,2921
2472,2664
2472,2924
2475,2782
2482,2784
2488,2651
2488,2726
2489,2916
2493,2697
2493,2755
2495,2869
2500,2504
2501,2797
2506,2849
2507,2896
2509,2993
2510,2875
2511,2650
2512,2602
2514,2832
2516,2805
2518,2620
2519,2624
2523,2671
2524,2934
2525,2842
2526,2767
2527,2723
2527,2870
2528,2570
2529,2593
2529,2622
2531,2616
2536,2568
2537,2595
2540,2885
2543,2637
2544,2631
2545,2623
2549,2772
2549,2858
2550,2724
2551,2830
2555,2638
2555,2743
2556,2731
2557,2821
2559,2884
2562,2716
2567,2673
2568,2786
2568,2824
2569,2592
2580,2897
2585,2647
2588,2856
2592,2814
2593,2621
2595,2645
2599,2646
2599,2823
2599,2830
2600,2925
2603,2888
2605,2733
2622,2728
2622,2910
2630,2765
2635,2778
2635,2877
2640,2770
2640,2953
2641,2774
2643,2735
2644,2712
2644,2957
2645,2664
2646,2747
2647,2990
2648,2987
2651,2683
2663,2760
2663,2853
2669,2958
2673,2723
2687,2893
2693,2801
2697,2755
2704,2768
2705,2860
2710,2795
2717,2919
2718,2841
2726,2758
2733,2922
2735,2792
2746,2911
2748,2927
2756,2973
2760,2853
2760,2932
2771,2876
2772,2858
2783,2928
2788,2808
2789,2855
2790,2952
2795,2984
2809,2904
2812,3000
2816,2828
2816,2979
2821,2969
2822,2955
2827,2843
2827,2947
2828,2866
2828,2979
2832,2971
2833,2935
2853,2932
2854,2996
2865,2960
2866,2979
2868,2977
2869,2883
2887,2940
2889,2898
2937,2983
2941,2980
2962,2972
2968,2975
